5LE5_a_5LE5_a,[0.3142173436754895, 0.23152469432757547, 0.30286457287959306, 0.2684277603012529, 0.2949807551736893]
5LE5_A_5LE5_a,[0.22124311210930295, 0.30518452241339306, 0.43111544066298524, 0.30219151970847125, 0.31543676687799516]
5LE5_A_5LE5_A,[0.24027890089324824, 0.20387822804584138, 0.21287310925283084, 0.3941305280439566, 0.2502595761689355]
5LE5_A_5LE5_b,[0.47940039570583626, 0.49747122665705745, 0.40552026665823887, 0.4220579500253636, 0.4829758961308802]
5LE5_A_5LE5_B,[0.6454973344458921, 0.6619541532794085, 0.5241915117222864, 0.5492429314811773, 0.6383063398557948]
5LE5_A_5LE5_C,[0.6696768476785917, 0.45228964908722946, 0.6523892700208169, 0.6557226680836886, 0.6532870782887458]
5LE5_A_5LE5_D,[0.7474311770857202, 0.6795207498292558, 0.7505392373389804, 0.6663502140390121, 0.7344411200063461]
5LE5_A_5LE5_E,[0.7797521107330218, 0.7631525296947437, 0.762015262740567, 0.8282390977980632, 0.7755818681244961]
5LE5_A_5LE5_F,[0.6258657018253044, 0.534448433522944, 0.5867775442624859, 0.5772786253344715, 0.713025832044956]
5LE5_A_5LE5_G,[0.7936213312014853, 0.7047674300488553, 0.731240285966964, 0.7886868222022859, 0.8063073038647064]
5LE5_A_5LE5_H,[0.6923141325098502, 0.8007376452824478, 0.6881305108435061, 0.708306736498938, 0.7976734447138252]
5LE5_a_5LE5_I,[0.2859589162906402, 0.4433507096202645, 0.19811059569800904, 0.2017026897459785, 0.4296776574567558]
5LE5_A_5LE5_I,[0.47237694747186165, 0.737741737047052, 0.6069357238523975, 0.6361177000172903, 0.7671598324570224]
5LE5_A_5LE5_J,[0.6614445801609775, 0.5512723027531576, 0.5970619528562375, 0.3991149176097865, 0.7070994373880702]
5LE5_A_5LE5_K,[0.600264151037215, 0.5810955660766874, 0.5221948382621433, 0.4717645935037774, 0.199462250770837]
5LE5_A_5LE5_L,[0.7170647657255923, 0.6471165020027141, 0.43511703885493846, 0.6087373613012454, 0.6703858854219927]
5LE5_b_5LE5_a,[0.7345395302958855, 0.7420197485994854, 0.6540528169744075, 0.7858425029566107, 0.725928297972442]
5LE5_B_5LE5_a,[0.22209123711190196, 0.22566268875658752, 0.22092605865034465, 0.21937985231254387, 0.24038870679924063]
5LE5_b_5LE5_b,[0.24208153945019034, 0.7598701124906787, 0.6977526634602109, 0.7541470900936983, 0.5542822680496738]
5LE5_B_5LE5_b,[0.4934326495515712, 0.5585733823352395, 0.49781802587994106, 0.5062981478809099, 0.5519008045003321]
5LE5_B_5LE5_B,[0.20494609718159024, 0.20146234596524257, 0.196101664181835, 0.4215443577608354, 0.1964101235281437]
5LE5_B_5LE5_C,[0.7213083486277179, 0.7134349462060375, 0.6763126715080137, 0.7058647854006644, 0.7317701117548994]
5LE5_B_5LE5_D,[0.6396562909551727, 0.6146436375956098, 0.6725211632530086, 0.704444679056704, 0.7547368153006937]
5LE5_B_5LE5_E,[0.600094914200418, 0.6363014741736797, 0.6329163788640297, 0.6955754674742384, 0.708430219961911]
5LE5_B_5LE5_F,[0.47259043516672117, 0.5605413193361297, 0.530563295988056, 0.6147861557269356, 0.6531907158737357]
5LE5_B_5LE5_G,[0.6596132394505877, 0.5192349294442771, 0.6762842876582293, 0.632870254305536, 0.49737479276776836]
5LE5_B_5LE5_H,[0.246969046148038, 0.67627732174855, 0.5971969083073284, 0.4958088360022713, 0.6666376478292185]
5LE5_b_5LE5_I,[0.1970099966384568, 0.38507284358932564, 0.19010187152434127, 0.34930090504523453, 0.49008838132058674]
5LE5_B_5LE5_I,[0.6929485941360348, 0.7890129952308368, 0.6851383930719448, 0.7652550427919731, 0.7979109464058309]
5LE5_B_5LE5_J,[0.7602586170261464, 0.751830527931264, 0.6876822564477656, 0.7430148847528314, 0.7705292886694146]
5LE5_B_5LE5_K,[0.4374328602101414, 0.5461895995661263, 0.19527407039012412, 0.35292678904528024, 0.2283686705727116]
5LE5_B_5LE5_L,[0.4858564383530928, 0.5576327131614867, 0.27945684028345613, 0.3806690667411725, 0.4375690809255824]
5LE5_C_5LE5_a,[0.2308789753151282, 0.22265483333765285, 0.19366977217464776, 0.19045826330621346, 0.20530875417993427]
5LE5_C_5LE5_b,[0.1869397244321067, 0.4104778033947157, 0.2024113359444746, 0.19705220391247227, 0.2252889841737834]
5LE5_C_5LE5_C,[0.3541756520505439, 0.3210893928892868, 0.5019243597056335, 0.550019600179473, 0.5961382934614574]
5LE5_C_5LE5_D,[0.7885957234259606, 0.6809803895636549, 0.7755258228359972, 0.7562174340238711, 0.7824095446910404]
5LE5_C_5LE5_E,[0.7073106667911528, 0.7151428723316143, 0.6623954348455298, 0.7811717102289963, 0.7518283131447823]
5LE5_C_5LE5_F,[0.6116862250341231, 0.572734679086349, 0.7127525964887177, 0.5396426368396102, 0.6455008976353842]
5LE5_C_5LE5_G,[0.5790139812962213, 0.6006476620280443, 0.5439993398606253, 0.5663576557359151, 0.6564965610773382]
5LE5_C_5LE5_H,[0.4583387711518626, 0.48094127188121216, 0.3985776184387268, 0.3803955246495716, 0.3722378257250874]
5LE5_C_5LE5_I,[0.30387052374968937, 0.5738012293021816, 0.5343867054939431, 0.45355141552053396, 0.5280650061588815]
5LE5_C_5LE5_J,[0.4035326875369723, 0.6229249448547316, 0.2032582972532062, 0.19805209266746604, 0.32416408710205946]
5LE5_C_5LE5_K,[0.6642973243364969, 0.5924081584620723, 0.4898910867795255, 0.4622444328055756, 0.5213112783414642]
5LE5_C_5LE5_L,[0.19095246976829847, 0.40614860715021767, 0.24951334281582876, 0.19929445831449272, 0.19320084112036576]
5LE5_D_5LE5_a,[0.17444202978438586, 0.19996491211366024, 0.19091874394188602, 0.1923056588268004, 0.18721764701971597]
5LE5_D_5LE5_b,[0.17820216915911805, 0.19807651121890887, 0.19022035469562132, 0.19587216467910676, 0.19837475257779746]
5LE5_D_5LE5_D,[0.2310619197301036, 0.25047592556360027, 0.21910924622853506, 0.20035873013520716, 0.2097910136427691]
5LE5_D_5LE5_E,[0.7723321470946396, 0.7739015930462283, 0.7772448482905401, 0.8230493892719302, 0.8168206911323184]
5LE5_D_5LE5_F,[0.7049499690140337, 0.6701800615886219, 0.7012208629248118, 0.6821311771237488, 0.7711307318427303]
5LE5_D_5LE5_G,[0.7792557833647958, 0.699666536463082, 0.7379774301354802, 0.6175488000808994, 0.7808320206443409]
5LE5_D_5LE5_H,[0.4865435519818351, 0.6060869293025947, 0.5169743061006111, 0.5112369878044666, 0.5515947036651793]
5LE5_D_5LE5_I,[0.6164183913694299, 0.5795998887933671, 0.4859339063114445, 0.4318717120414286, 0.570181452018848]
5LE5_D_5LE5_J,[0.22038536880319337, 0.18055837514891127, 0.17824937155857956, 0.189520508652149, 0.18443199566156704]
5LE5_D_5LE5_K,[0.7708682730221568, 0.8038353667998648, 0.7665685512072492, 0.7940248090761786, 0.8171800079970887]
5LE5_D_5LE5_L,[0.5314070935131257, 0.6910996903242737, 0.6416841484049848, 0.5523588495866646, 0.7116284930331902]
5LE5_E_5LE5_a,[0.8245884438733483, 0.7838892836229076, 0.827111748222292, 0.828806485297123, 0.8441977600861059]
5LE5_E_5LE5_b,[0.1962461234931348, 0.2177361169282056, 0.1978062611879085, 0.19980197896175697, 0.23195163498790844]
5LE5_E_5LE5_E,[0.5869484375158045, 0.42892658028356523, 0.5271465649965174, 0.6198147345320864, 0.621355392605512]
5LE5_E_5LE5_F,[0.788492498425714, 0.8129939903188508, 0.7580112460782409, 0.8758073486900522, 0.8381061106340749]
5LE5_E_5LE5_G,[0.7563620271432963, 0.661675371440373, 0.7529508428276039, 0.8273370176900787, 0.7881468743843436]
5LE5_E_5LE5_H,[0.19297409527536252, 0.20184877809361526, 0.19053075442292144, 0.18447402943941693, 0.2650944488727287]
5LE5_E_5LE5_I,[0.29628470812352253, 0.20475600978654432, 0.4079423972911992, 0.36806035213483124, 0.4159012069182639]
5LE5_E_5LE5_J,[0.32941527526314157, 0.3900505663704014, 0.2177739484886952, 0.2535141791417762, 0.21787891385138114]
5LE5_E_5LE5_K,[0.2019823577479285, 0.247077534592694, 0.2076731747978959, 0.20951625455327033, 0.22906342687476294]
5LE5_E_5LE5_L,[0.6015074095337165, 0.7063531298126074, 0.19626788614466478, 0.39587368888818963, 0.2821652750140653]
5LE5_F_5LE5_a,[0.7838970027231404, 0.8017878135009663, 0.6990641969510566, 0.7937840192845795, 0.8063731983205358]
5LE5_F_5LE5_b,[0.668054084295042, 0.7215323915135632, 0.5696228690220241, 0.5877633653030907, 0.6299825169955172]
5LE5_F_5LE5_F,[0.2682979112579809, 0.4711295061401829, 0.36080323797006736, 0.40491503565094017, 0.4524222044008442]
5LE5_F_5LE5_G,[0.6981561041548511, 0.7024037714457914, 0.7624962080765183, 0.7815210210850747, 0.5399514240569256]
5LE5_F_5LE5_H,[0.5969725462344094, 0.6307802692452184, 0.556980061601309, 0.6518171170036311, 0.6000836858415775]
5LE5_F_5LE5_I,[0.24218680859984884, 0.21901347167546084, 0.24540377253829873, 0.23257019186872016, 0.2538159266964067]
5LE5_F_5LE5_J,[0.25373874451522377, 0.3473669875713451, 0.19873582303228887, 0.2220328306853102, 0.19354117321627343]
5LE5_F_5LE5_K,[0.23735566090600593, 0.22654846117854588, 0.2515129136209534, 0.22663533971083016, 0.310001862487984]
5LE5_F_5LE5_L,[0.21257912411290183, 0.32474442567325595, 0.2602883039257312, 0.22120789241162242, 0.2519621319535385]
5LE5_G_5LE5_a,[0.20888142905343418, 0.20059358273877748, 0.2286993159891676, 0.21483518208000646, 0.20347441104566533]
5LE5_G_5LE5_b,[0.6558927439432828, 0.7675915728218072, 0.4755137919755369, 0.6494839762866955, 0.7418799689197302]
5LE5_G_5LE5_G,[0.4505016834003376, 0.2905052490570375, 0.5023152640046838, 0.5285344693751661, 0.6006386996436125]
5LE5_G_5LE5_H,[0.7704535101071648, 0.750847752643457, 0.7255523449149713, 0.7901721927488947, 0.7978521240933265]
5LE5_G_5LE5_I,[0.5625205795642664, 0.588083652378876, 0.48236978318069035, 0.5522011098372195, 0.5563145332584696]
5LE5_G_5LE5_J,[0.20469778583914888, 0.21509474975705256, 0.2182055770026336, 0.2134885138822479, 0.21617413279948672]
5LE5_G_5LE5_K,[0.2047812058107239, 0.2653737989340508, 0.22051070690905575, 0.2413659122098087, 0.246666152335659]
5LE5_G_5LE5_L,[0.3940503166754576, 0.511840926052519, 0.20151323163919335, 0.2103814227625549, 0.19450682269462882]
5LE5_H_5LE5_a,[0.6414338331283304, 0.7832135566151142, 0.6197823418062802, 0.7956022558816328, 0.7523454310020388]
5LE5_H_5LE5_b,[0.4687621706273838, 0.5207492292133938, 0.4334535470183081, 0.48237653801719027, 0.46424063817222977]
5LE5_H_5LE5_H,[0.19329862612870677, 0.31993076247681734, 0.18720333937072792, 0.17506456548932864, 0.20489552936865252]
5LE5_H_5LE5_I,[0.8379219155542186, 0.8417241415050135, 0.8091825484953837, 0.817785647341308, 0.8390459285572648]
5LE5_H_5LE5_J,[0.19310357817396356, 0.44636885464236375, 0.3900479250227397, 0.2163687196247177, 0.3862416229377179]
5LE5_H_5LE5_K,[0.20901453153222171, 0.2380185094880322, 0.22041916095133268, 0.3223618078763668, 0.2649679082485037]
5LE5_H_5LE5_L,[0.7461683129535126, 0.7391923882648543, 0.7218179462037952, 0.7983779602765217, 0.7555859776148016]
5LE5_I_5LE5_I,[0.29676949775518, 0.23499639174295153, 0.317643135579716, 0.24052495410627023, 0.3193311615077928]
5LE5_J_5LE5_a,[0.20644228599011688, 0.3787755696446137, 0.2061228157450019, 0.19614202201842373, 0.2109112326421308]
5LE5_J_5LE5_b,[0.20897041730732607, 0.2688991784581882, 0.20384927616001947, 0.2094971722728032, 0.2394471868185779]
5LE5_J_5LE5_I,[0.19391368789150087, 0.3733762413013392, 0.31178528012182016, 0.2789814362248202, 0.2077581412367573]
5LE5_J_5LE5_J,[0.3051684070479918, 0.8390533428391548, 0.3642002152573225, 0.3145125279387458, 0.256400548571341]
5LE5_J_5LE5_K,[0.40205441310882517, 0.43504430553473794, 0.44382318281516364, 0.48386430596539187, 0.4353874749648843]
5LE5_J_5LE5_L,[0.21436201805616814, 0.19365855490779932, 0.24594749519027165, 0.19490334799512693, 0.19416698160635723]
5LE5_K_5LE5_a,[0.20046957968956078, 0.3935109762757525, 0.2982660435131287, 0.41462339984021057, 0.5510614139779436]
5LE5_K_5LE5_b,[0.19627093819327618, 0.3676269748653572, 0.4633336899009817, 0.4144294758558381, 0.3841149969802816]
5LE5_K_5LE5_I,[0.44326315865809063, 0.643396891704438, 0.5062659490337323, 0.609576870639424, 0.5925751618877452]
5LE5_K_5LE5_K,[0.18621931092599028, 0.5901901052461732, 0.7204622541240882, 0.5097723340983364, 0.7111251008018735]
5LE5_K_5LE5_L,[0.6225083959581401, 0.7767512802128245, 0.6974939409883093, 0.7262781016364726, 0.7010945741755299]
5LE5_L_5LE5_a,[0.7373565407915769, 0.7530759331353315, 0.7457104972905961, 0.7552333332078086, 0.7979673901050756]
5LE5_L_5LE5_b,[0.23540514086664777, 0.3405267300902911, 0.4411071239445322, 0.41720593266920913, 0.41883654404470616]
5LE5_L_5LE5_I,[0.4365742632688203, 0.6747774407159702, 0.19528694503369876, 0.5832114119244823, 0.5833738664371586]
5LE5_L_5LE5_L,[0.3175193071337918, 0.6640641649947088, 0.7582349328188817, 0.3768138409191376, 0.4490929446628885]

