5LE5_a_5LE5_a_0
2,3,4,5,7,9,29,30,32,35,100,103,105,107,109,124,126,127,128,141,143,144,145,147,148,149,151,152,155,175,179,180,181,182,215
2,3,4,5,7,9,29,30,32,35,100,103,105,107,109,124,126,127,128,141,143,144,145,147,148,149,151,152,155,175,179,180,181,182,215
5LE5_A_5LE5_a_0
9,11,13,18,19,20,21,22,23,25,26,29,109,112,113,115,116,119,120,122,123,124,129,133,148,150,151,152,154,155,156,158,163,167,171
1,2,3,4,5,6,30,32,33,35,36,39,56,57,58,59,61,62,64,65,99,103,104,105,106,107,127
5LE5_A_5LE5_A_0
2,3,4,6,7,8,9,10,11,12,13,14,15,16,19,20,22,39,111,112,115,116,119,120,122,123,124,127,129,147,148,149,152,154,155,156,157,158,159,160,161,171,174,175,178
1,2,3,4,6,7,8,10,11,20,21,23,24,25,27,28,53,54,55,56,57,58,61,62,79,81,82,84,85,121,124,127,128,129,130,151
5LE5_a_5LE5_a_1
3,4,7,9,10,32,33,34,100,107,109,126,128,130,141,144,145,148,151,155,175,176,179,180,181,182
3,4,7,9,10,32,33,100,107,109,126,128,130,141,144,145,148,151,155,175,176,179,180,181,182
5LE5_A_5LE5_a_1
7,9,11,12,13,18,19,20,21,22,23,26,101,109,112,113,115,116,119,120,122,123,124,129,148,150,152,154,155,156,158,171
1,2,3,4,5,6,30,32,35,36,39,56,57,58,59,61,62,65,69,99,103,104,105,106,107
5LE5_A_5LE5_A_1
4,6,7,8,9,10,11,12,13,19,20,21,22,23,24,25,26,27,28,29,30,56,57,79,81,82,84,85,86,117,121,122,123,124,127,128,129,130,132,151
1,2,3,4,6,7,8,9,10,11,12,13,14,15,16,18,19,20,21,22,24,112,116,119,120,121,122,123,124,127,128,129,152,154,155,156,158,159
5LE5_a_5LE5_a_2
1,2,3,4,7,29,30,32,33,100,103,105,107,109,124,126,127,128,141,143,144,145,147,148,149,151,152,175,178,179,181,182
1,2,3,4,7,29,30,32,33,100,103,105,107,109,124,126,127,128,141,143,144,145,147,148,149,151,152,175,178,179,181,182
5LE5_A_5LE5_a_2
98,99,100,102
33,34,37,184
5LE5_A_5LE5_A_2
3,6,10,12,14,15,20,21,23,24,25,28,53,54,56,57,58,60,61,62,63,64,76,79,81,82,83,84,85,88,89,92,96,121,127,128,129,130,132
6,8,10,11,12,13,14,15,16,18,19,20,21,22,23,24,25,27,28,53,56,57,79,81,82,84,85,88,89,92,121,127,128,129,130
5LE5_a_5LE5_a_3
2,3,4,5,7,9,10,29,30,32,33,34,35,36,107,109,141,144,145,148,151,152,155,175,176,178,179,180,181,182,183,212,215,216,218,219
2,3,4,5,7,9,10,29,30,32,33,34,35,36,107,109,141,144,145,148,151,152,155,175,176,178,179,180,181,182,183,212,215,216,218,219
5LE5_A_5LE5_a_3
7,8,9,11,13,19,20,21,22,23,25,26,109,112,113,115,116,119,120,122,123,124,127,129,148,150,151,152,154,155,156,158,161,167,171
1,2,3,4,5,6,30,33,35,36,39,56,57,58,59,61,62,65,99,103,104,105,106,107,127
5LE5_A_5LE5_A_3
10,21,24,25,27,28,53,57,61,62,79,81,82,84,85,88,89,92,121,127,128,129
10,21,24,27,28,53,57,61,62,79,81,82,83,84,85,88,89,92,121,127,128
5LE5_a_5LE5_a_4
7,10,32,100,127,128,141,144,145,148,175,176,179,180,181,182,209,212,213,215
7,32,100,127,128,141,144,145,148,175,176,179,180,181,182,209,212,213,215
5LE5_A_5LE5_a_4
96,97,99,100,101,103,104,105,106,108,109,112,113,116,140,141
46,70,71,73,74,76,77,79,81,82,83,84,86,87,88,90,91,94
5LE5_A_5LE5_A_4
6,10,20,21,24,25,26,27,28,29,30,33,49,50,51,52,53,57,61,62,63,64,66,76,77,79,81,82,83,84,85,86,87,88,89,91,92,93,95,96,117,121,127,128,129,130,132,133,134,151,199,207,208
3,4,6,7,8,9,10,11,12,13,14,15,16,18,19,20,21,22,23,24,25,26,27,28,53,79,81,82,84,85,119,121,122,123,124,127,128,129,130,132,151,152
5LE5_A_5LE5_b_0
67,68,69,70,88,91,92,94,95,96,98,99,102,220
38,39,57,58,60,61,65,67,68,69,71
5LE5_A_5LE5_B_0
1,3,4,6,8,10,12,21,24,25,27,28,54,55,56,57,58,61,62,79,81,82,84,85,88,121,127,128,129,130
1,3,6,8,10,11,12,14,18,108,111,112,115,116,119,122,123,124,127,143,148,153,155,156,159,160,161,172,175,176,179,181
5LE5_A_5LE5_b_1
97,100,101,102,103,105,106,108,109,112,113,140,141,145
62,63,65,66,69,70,72,74,75,77,78,81,82,84,85,106,120
5LE5_A_5LE5_B_1
1,3,6,8,10,12,21,24,25,27,28,54,55,56,57,58,60,61,62,79,81,82,84,85,88,121,127,128,129,130
1,3,6,8,10,11,12,13,14,15,18,108,111,112,115,116,119,121,122,123,124,127,143,148,151,153,155,156,159,160,161,172,175,176,179,181
5LE5_A_5LE5_b_2
97,100,101,102,103,106,108,109,112,113,140,141,145
62,63,65,66,69,70,72,75,77,78,81,82,84,85,106,120
5LE5_A_5LE5_B_2
4,6,7,8,9,10,11,12,13,14,15,16,18,19,22,39,108,112,115,116,119,122,123,124,145,147,152,154,155,156,157,158,159,160,171,174,175,178
1,2,5,6,7,9,20,23,24,26,27,30,51,53,54,55,56,57,59,60,63,66,79,80,81,82,84,85,88,91,121,127,128,129,130
5LE5_A_5LE5_b_3
97,100,101,102,103,106,108,109,112,113,140,141,145
62,63,65,66,69,70,72,75,77,78,81,82,84,85,106,120
5LE5_A_5LE5_B_3
4,6,7,8,9,10,11,12,13,14,15,16,18,19,22,39,108,112,115,116,119,122,123,124,145,147,152,154,155,156,157,158,159,160,171,174,175,178
1,2,5,6,7,9,20,23,24,26,27,30,51,53,54,55,56,57,59,60,66,79,80,81,82,84,85,88,91,121,127,128,129,130
5LE5_A_5LE5_b_4
97,98,100,101,102,103,104,105,106,108,109,112,113,140,141
62,63,65,66,69,70,71,72,74,75,77,78,81,82,84,85,106,120
5LE5_A_5LE5_B_4
4,6,7,8,9,10,11,12,13,14,15,16,18,19,22,39,108,112,115,116,119,120,122,123,124,145,147,152,154,155,156,157,158,159,160,171,174,175,178
1,2,5,6,7,9,10,20,23,24,26,27,30,51,53,54,55,56,57,59,60,63,66,79,80,81,82,84,85,88,91,121,127,128,129,130
5LE5_A_5LE5_C_0
3,4,6,7,8,10,21,24,25,27,28,54,55,56,57,58,61,62,79,81,82,84,85,88,91,121,124,127,128,129,130
1,2,3,4,5,6,8,9,10,11,12,13,16,19,36,105,109,112,113,116,117,119,120,121,122,124,143,145,146,148,150,152,153,154,155,156,157,158,159,169,172,173,176
5LE5_A_5LE5_C_1
3,4,6,7,8,10,20,21,24,25,27,28,53,54,55,56,57,58,61,62,79,81,82,84,85,91,121,124,127,128,129,130
1,2,3,4,5,6,8,9,10,11,12,13,16,19,36,105,109,112,113,116,117,119,120,121,122,143,145,146,148,150,152,153,154,155,156,157,158,159,169,172,173,176
5LE5_A_5LE5_C_2
2,3,4,6,7,8,9,11,12,13,14,15,16,18,19,22,39,112,115,116,119,120,122,123,124,127,143,147,152,154,155,156,157,158,159,160,171,174,175,178
1,2,3,4,5,7,18,21,22,24,25,28,51,52,53,54,55,57,58,59,76,77,78,79,81,82,85,86,118,122,124,125,126,127
5LE5_A_5LE5_C_3
3,4,6,7,8,10,20,21,24,25,27,28,53,54,55,56,57,58,61,62,79,81,82,84,85,88,91,121,124,127,128,129,130
1,2,3,4,5,6,8,9,10,11,12,13,16,19,36,105,109,112,113,116,119,120,121,122,124,143,145,146,148,150,152,153,154,155,156,157,158,159,169,172,173,176
5LE5_A_5LE5_C_4
1,2,3,4,6,7,8,9,11,12,13,14,15,16,18,19,22,39,111,112,115,116,119,120,122,123,124,127,143,147,152,154,155,156,157,158,159,160,171,174,175,178
1,2,3,4,5,7,18,21,22,24,25,28,51,52,53,54,55,57,58,59,76,77,78,79,81,82,85,86,118,122,124,125,126,127
5LE5_A_5LE5_D_0
4,7,8,9,11,12,13,14,15,18,19,20,21,22,24,39,112,115,116,119,122,123,124,147,150,152,154,155,156,157,158,159,160,171,174,175,178
7,8,12,23,26,27,29,30,33,55,56,57,58,59,60,61,63,64,81,82,83,84,86,87,90,125,126,127,128,133,134,135,136,137
5LE5_A_5LE5_D_1
4,7,8,9,11,12,13,14,15,18,19,20,21,22,24,39,112,115,116,119,122,123,124,147,152,154,155,156,157,158,159,160,171,174,175,178
7,8,12,23,26,27,29,30,33,55,56,57,58,59,60,61,63,64,65,81,82,83,84,86,87,90,125,127,128,133,134,135,136,137
5LE5_A_5LE5_D_2
4,7,8,9,11,12,13,14,15,18,19,20,21,22,24,39,112,115,116,119,122,123,124,147,152,154,155,156,157,158,159,160,171,174,175,178,180
7,8,12,23,26,27,29,30,33,55,56,57,58,59,60,61,63,64,65,81,82,83,84,86,87,90,123,125,126,127,128,133,134,135,136,137
5LE5_A_5LE5_D_3
4,7,8,9,11,12,13,14,15,18,19,20,21,22,24,39,112,115,116,119,122,123,124,147,152,154,155,156,157,158,159,160,171,174,175,178,180
7,8,12,23,26,27,29,30,33,55,56,57,58,59,60,61,63,64,81,82,83,84,86,87,90,123,125,126,127,128,133,134,135,136,137
5LE5_A_5LE5_D_4
4,7,8,9,11,12,13,14,15,18,19,20,22,24,39,112,115,116,119,122,123,124,147,152,154,155,156,157,158,159,160,171,174,175,178,180
7,8,12,23,26,27,29,30,33,55,56,57,58,59,60,61,63,64,65,81,82,83,84,86,87,90,123,125,126,128,133,134,135,136,137
5LE5_A_5LE5_E_0
3,6,8,10,21,24,25,27,28,52,54,55,56,57,58,59,61,62,79,81,82,84,85,121,127,128,129,130
6,9,10,11,12,13,14,15,19,22,39,110,117,120,121,122,123,125,145,146,150,151,152,153,154,155,156,157,158,159,169,172,173,176,179
5LE5_A_5LE5_E_1
3,6,8,10,20,21,24,25,27,28,52,54,55,56,57,58,59,61,62,79,81,82,84,85,121,127,128,129,130
6,9,10,11,12,13,14,15,19,22,39,110,114,116,117,120,121,122,123,125,145,146,150,151,152,153,154,155,156,157,158,159,169,172,173,176,179
5LE5_A_5LE5_E_2
3,6,8,10,21,24,25,27,28,52,54,55,56,57,58,59,61,62,79,81,82,84,85,121,127,128,129,130
6,9,10,11,12,13,15,19,22,39,110,114,117,120,121,122,123,125,145,146,150,151,152,153,154,155,156,157,158,159,169,172,173,176,179
5LE5_A_5LE5_E_3
1,3,6,8,10,21,24,25,27,28,52,54,55,56,57,58,61,62,79,81,82,84,85,121,127,128,129,130
6,9,10,11,12,13,15,19,22,39,110,114,117,120,121,122,123,145,146,150,151,152,153,154,155,156,157,158,159,169,172,173,176,179
5LE5_A_5LE5_E_4
3,6,8,10,20,21,24,25,27,28,52,54,55,56,57,58,59,61,62,79,81,82,84,85,121,127,128,129,130
6,9,10,11,12,13,14,15,19,22,39,110,114,117,120,121,122,123,125,145,146,150,151,152,153,154,155,156,157,158,159,169,172,173,176,179
5LE5_A_5LE5_F_0
6,8,10,20,21,24,25,27,28,54,55,56,57,58,59,61,62,63,76,79,81,82,84,85,88,121,127,128,129,130
8,11,13,14,15,17,18,21,41,110,114,115,117,118,121,124,125,126,127,128,150,151,153,155,157,158,159,161,162,170,174,177,178,182
5LE5_A_5LE5_F_1
7,8,9,11,12,13,14,15,16,18,19,22,39,112,115,116,119,122,123,124,152,154,155,156,157,158,159,160,171,174,175,178
1,9,10,11,23,26,27,29,30,33,55,56,57,58,59,60,63,64,68,81,82,83,84,86,87,90,93,119,123,126,127,128,129,130,131,132
5LE5_A_5LE5_F_2
7,8,9,11,12,13,14,15,16,18,19,22,39,112,115,116,119,120,122,123,124,127,152,154,155,156,157,158,159,160,161,171,174,175,178
1,3,9,10,11,23,26,27,29,30,33,56,57,58,59,60,63,64,68,81,82,83,84,86,87,90,93,119,123,126,127,128,129,130,131,132
5LE5_A_5LE5_F_3
7,8,9,11,12,13,14,15,16,18,19,22,39,112,115,116,119,120,122,123,124,152,154,155,156,157,158,159,160,171,174,175,178
1,9,10,11,23,26,27,29,30,33,56,57,58,59,60,63,64,68,81,82,83,84,86,87,90,93,119,123,126,127,128,129,130,131,132
5LE5_A_5LE5_F_4
7,8,9,11,12,13,14,15,16,18,19,22,39,112,115,116,119,120,122,123,124,152,154,155,156,157,158,159,160,171,174,175,178,180
1,3,9,10,11,23,26,27,29,30,33,56,58,59,60,63,64,68,81,82,83,84,86,87,90,93,119,123,126,127,128,129,130,131,132
5LE5_A_5LE5_G_0
1,6,8,10,20,21,24,25,27,28,52,54,55,56,57,58,59,61,62,66,76,79,81,82,84,85,88,91,121,127,128,129,130
9,12,13,14,15,16,17,18,22,43,112,116,119,120,123,125,126,127,128,129,130,131,147,150,152,155,157,159,160,161,163,164,165,166,176,179,180,183,184
5LE5_A_5LE5_G_1
3,6,8,10,20,21,24,25,27,28,52,54,55,56,57,58,59,61,62,76,79,81,82,84,85,88,91,121,127,128,129,130
9,13,14,15,16,17,18,19,22,43,112,116,119,120,123,124,126,127,128,129,130,147,150,152,155,157,159,160,161,163,164,165,166,176,179,180,183,184
5LE5_A_5LE5_G_2
1,3,6,8,10,20,21,24,25,27,28,52,54,55,56,57,58,59,61,62,76,79,81,82,84,85,88,91,121,127,128,129,130
9,12,13,14,15,16,17,18,22,43,112,116,119,120,123,124,126,127,128,129,130,131,147,150,152,155,157,159,160,161,163,164,165,166,176,179,180,183,184
5LE5_A_5LE5_G_3
1,6,8,10,21,24,25,27,28,52,54,55,56,57,58,59,61,62,66,76,79,81,82,84,85,88,91,121,127,128,129,130
7,10,13,14,15,16,17,18,22,43,112,116,119,120,123,124,125,126,127,128,129,130,131,147,150,152,155,157,159,160,161,163,164,165,166,176,179,180,183,184
5LE5_A_5LE5_G_4
1,3,6,8,10,20,21,24,25,27,28,52,54,55,56,57,58,59,61,62,76,79,81,82,84,85,88,91,121,127,128,129,130
9,13,14,15,16,18,22,43,112,116,119,120,123,124,126,127,128,129,130,131,147,150,152,155,157,159,160,161,163,164,165,166,176,179,180,183,184
5LE5_A_5LE5_H_0
66,67,69,70,88,91,92,95,98,99,102,155,156
36,39,57,58,61,64,65,68,69,231,233
5LE5_A_5LE5_H_1
66,67,69,70,88,91,92,95,98,99,102
36,39,57,58,61,64,65,68,69
5LE5_A_5LE5_H_2
66,67,69,70,88,91,92,95,98,99,102
36,39,57,58,61,64,65,68,69
5LE5_A_5LE5_H_3
66,67,69,70,88,91,92,95,96,97,98,99,100,101,102,109,113
36,39,57,58,60,61,64,65,68,69,227,228,229,230,231,233
5LE5_A_5LE5_H_4
66,67,69,70,88,91,92,95,98,99,102,156,157
36,39,57,58,61,62,64,65,68,69,230,233
5LE5_a_5LE5_I_0
97,100,101,103,109,124,126,127,128,130,132,143,144,147,151
1,3,6,7,28,30,31,32,33,35,56,57,58,59,62,98,102,103,104
5LE5_A_5LE5_I_0
97,99,100,101,102,103,105,106,109,112,113,141
74,77,78,80,82,83,85,86,89,90,93,115
5LE5_a_5LE5_I_1
93,97,100,101,103,109,124,126,127,128,130,132,138,143,144,147,151
1,3,6,7,28,30,31,32,33,35,56,57,58,59,62,63,66,98,100,102,103,104
5LE5_A_5LE5_I_1
97,99,100,101,102,103,106,109,112,113,141
74,77,78,80,82,83,85,86,89,90,93,115
5LE5_a_5LE5_I_2
2,93,97,100,101,102,103,104,105,107,109,124,126,127,128,130,132,143,144,147,151
1,3,6,7,28,30,31,32,33,35,56,57,58,59,62,63,66,98,99,100,102,103,104,105,127
5LE5_A_5LE5_I_2
97,99,100,101,102,103,105,106,109,112,113,141
70,74,77,78,80,82,83,85,86,89,90,93,115
5LE5_a_5LE5_I_3
2,3,4,5,9,29,30,32,33,35,107,141,179,180,181,182
2,3,99,102,104,106,125,126,127,129,131,138,143,144,145,146,147,151,177
5LE5_A_5LE5_I_3
97,99,100,101,102,103,105,106,109,112,113,140,141
70,73,74,77,78,80,82,83,85,86,89,90,93,115
5LE5_a_5LE5_I_4
2,3,4,7,9,10,103,105,107,109,124,126,127,128,139,141,143,144,145,147,148,151,180,182
1,2,3,5,6,7,27,30,31,32,33,56,58,98,99,100,102,104,178,179,180
5LE5_A_5LE5_I_4
97,99,100,101,102,103,104,105,106,108,109,112,113,140,141
70,73,74,77,78,80,82,83,85,86,88,89,90,93,97,115
5LE5_A_5LE5_J_0
97,99,100,101,102,103,106,109,112,113,141
67,71,73,75,76,78,79,82,83,86,87,108,110
5LE5_A_5LE5_J_1
97,99,100,101,102,103,106,109,112,113,141
67,71,73,75,76,78,79,82,83,86,87,110
5LE5_A_5LE5_J_2
97,99,100,101,102,103,106,109,112,113,141
67,70,71,73,75,76,78,79,82,83,85,86,87,108
5LE5_A_5LE5_J_3
96,97,99,100,101,102,103,106,109,112,113,141
67,70,71,73,75,76,78,79,82,83,85,86,87,108
5LE5_A_5LE5_J_4
97,99,100,101,102,103,106,109,112,113,141
67,70,71,73,75,76,78,79,82,83,85,86,87
5LE5_A_5LE5_K_0
97,99,100,101,102,103,104,105,106,109,112,113,141
62,65,66,69,70,71,72,74,75,77,78,81,82,85,105,106,107,120
5LE5_A_5LE5_K_1
97,99,100,101,102,103,104,106,109,112,113,141
62,66,69,70,71,72,74,75,77,78,81,82,85,105,106,107,120
5LE5_A_5LE5_K_2
97,99,100,101,102,103,104,105,106,109,112,113,140,141
62,65,66,69,70,71,72,74,75,77,78,81,82,85,106,107,120
5LE5_A_5LE5_K_3
97,99,100,101,102,103,104,105,106,109,112,113,141
62,66,69,70,71,72,74,75,77,78,81,82,85,105,106,107,120
5LE5_A_5LE5_K_4
7,88,91,92,93,94,95,96,97,98,99,100,101,102,113
19,21,24,26,29,93,134,165,166,167,168,169
5LE5_A_5LE5_L_0
97,99,100,101,102,103,105,106,109,112,113,141
71,75,78,79,81,83,84,87,90,91,94,115,130
5LE5_A_5LE5_L_1
97,99,100,101,102,103,105,106,109,112,113,141
71,74,75,78,79,80,81,83,84,87,90,91,94,115,130
5LE5_A_5LE5_L_2
97,99,100,101,102,103,106,109,112,113,141
71,75,78,79,80,81,83,84,87,90,91,94,115,130
5LE5_A_5LE5_L_3
97,99,100,101,102,103,105,106,109,112,113,141
71,74,75,78,79,81,83,84,87,90,91,94,115,130
5LE5_A_5LE5_L_4
97,99,100,101,102,103,105,106,109,112,113,141
71,74,75,78,79,80,81,83,84,87,90,91,94,115,130
5LE5_b_5LE5_a_0
18,19,21,24,25,26,27,28,29,30,31,32,35,36,45,53,57,130,134,165,166,167,169,173,175,186,188,190,199,201,202
32,33,34,35,37,38,141,145,177,178,179,180,181,182,183,184,186,207,208,209,210,211,212,213,215,218
5LE5_B_5LE5_a_0
61,67,68,69,70,71,72,91,94,95,98,99,225
179,215,216,218,219
5LE5_b_5LE5_a_1
18,19,21,24,25,26,27,28,29,30,32,35,36,45,53,57,134,165,166,167,169,173,175,186,188,190,199,201,202,203,204
26,32,33,34,35,37,38,40,64,141,145,177,178,179,180,181,182,183,184,186,188,202,207,208,209,210,211,212,213,215,218
5LE5_B_5LE5_a_1
96,99,100,119,120,121,123,124,127
2,100,103,144
5LE5_b_5LE5_a_2
18,19,21,24,25,26,27,28,29,30,31,32,35,36,45,53,57,130,134,165,166,167,169,173,175,186,188,190,193,199,201
32,33,34,35,37,38,141,145,177,178,179,180,181,182,183,184,186,207,208,209,210,211,212,213,215,218
5LE5_B_5LE5_a_2
99,100
141,144
5LE5_b_5LE5_a_3
18,19,21,24,25,26,27,28,29,30,31,32,35,36,45,53,130,134,165,166,167,169,173,175,186,188,190,199,201,202,203,204
26,32,33,34,35,37,38,40,64,141,145,177,178,179,180,181,182,183,184,186,188,202,207,208,209,210,211,212,213,215,218
5LE5_B_5LE5_a_3
92,96,99,100,101,121,124,127
2,3,32,141,144,180,181,182
5LE5_b_5LE5_a_4
18,19,21,24,25,26,27,28,29,30,31,32,35,36,45,53,57,130,134,165,166,167,169,173,175,186,188,190,199,201,202
32,33,34,35,37,38,141,145,177,178,179,180,181,182,183,184,186,202,207,208,209,210,211,212,213,215,218
5LE5_B_5LE5_a_4
92,96,99,100,124,127
3,30,32,141,181
5LE5_b_5LE5_b_0
7,121,122,123,124,125,133,134,135,136,138,139,140,141,142,143,162,165,166,197,198,200,201,202
7,121,122,123,124,125,133,134,135,136,138,139,140,141,142,143,162,165,166,197,198,200,201,202
5LE5_B_5LE5_b_0
97,99,100,101,102,103,106,109,141,142,143
62,63,65,66,69,70,71,72,75,77,78,81,82,84,85,106,120
5LE5_B_5LE5_B_0
1,2,3,4,5,6,7,8,9,11,19,20,23,24,26,27,30,53,54,55,56,57,59,60,61,79,80,81,82,84,85,86,88,121,127,128,129,130
1,2,3,4,5,6,7,8,10,11,12,13,14,15,17,18,21,38,108,112,115,116,119,120,122,123,124,127,143,146,148,151,153,155,156,159,160,161,172,175,176,179,181
5LE5_b_5LE5_b_1
7,122,123,124,125,133,134,135,136,138,139,140,141,142,143,162,165,166,197,198,200,201,202
7,122,123,124,125,133,134,135,136,138,139,140,141,142,143,162,165,166,197,198,200,201,202
5LE5_B_5LE5_b_1
97,99,100,101,102,103,106,109,141,142,143
62,63,65,66,69,70,71,72,75,77,78,81,82,84,85,106
5LE5_B_5LE5_B_1
1,4,5,6,7,8,9,10,11,13,14,18,19,20,21,22,23,24,25,26,27,30,50,76,79,80,81,82,83,84,85,86,88,89,96,100,113,116,117,118,120,121,122,123,124,127,128,129,130,132,152
1,4,5,6,7,8,9,10,11,13,14,18,19,20,21,22,23,24,25,26,27,30,50,79,80,81,82,83,84,85,86,89,96,100,113,116,117,118,120,121,122,123,124,127,128,129,130,132,152
5LE5_b_5LE5_b_2
7,122,123,124,125,133,134,135,136,138,139,140,141,142,143,162,165,166,197,198,200,201,202
7,121,122,123,124,125,133,134,135,136,138,139,140,141,142,143,162,165,166,197,198,200,201,202
5LE5_B_5LE5_b_2
97,99,100,101,102,103,106,109,141,142,143
62,63,65,66,69,70,71,72,75,77,78,81,82,84,85,106
5LE5_B_5LE5_B_2
5,7,9,19,20,23,24,26,27,28,30,31,50,51,52,53,56,60,63,64,77,79,80,81,82,83,84,85,86,87,88,89,90,91,92,93,94,95,96,121,127,128,129,130,132
2,4,5,6,7,8,9,10,11,13,14,15,17,18,19,20,21,22,23,24,26,27,30,31,50,51,79,80,81,82,84,85,88,91,121,122,127,128,129,130
5LE5_b_5LE5_b_3
7,122,123,124,125,133,134,135,136,138,139,140,141,142,143,162,165,166,197,198,200,202
7,122,123,124,125,133,134,135,136,138,139,140,141,142,143,162,165,166,197,198,200,202
5LE5_B_5LE5_b_3
97,99,100,101,102,103,106,109,141,142,143
62,63,65,66,69,70,71,72,75,77,78,81,82,84,85,106
5LE5_B_5LE5_B_3
2,4,5,6,7,8,9,10,11,12,13,14,17,18,19,20,22,23,26,30,49,50,51,52,53,54,55,56,57,58,59,60,63,79,80,81,82,84,85,122,127,128,129,130,229,230
4,5,6,7,8,9,10,11,12,13,14,18,19,20,23,30,48,49,50,51,52,53,54,55,56,57,58,59,60,61,63,66,79,80,81,82,83,84,85,127,128,129,130,227,229,231
5LE5_b_5LE5_b_4
122,123,124,127,133,134,135,136,138,139,140,141,142,145,162,166,200,202
122,123,127,133,134,135,136,138,139,140,141,142,145,162,166,200,202
5LE5_B_5LE5_b_4
97,99,100,101,102,103,106,109,141,142,143
62,63,65,66,69,70,71,72,75,77,78,81,82,84,85,89,106,120
5LE5_B_5LE5_B_4
4,5,7,9,19,20,23,24,26,27,30,50,51,56,66,79,80,81,82,84,85,88,89,92,95,96,99,121,127,128,129,130
4,5,7,9,19,20,23,24,26,27,30,50,51,56,66,79,80,81,82,84,85,88,89,92,95,96,99,121,127,128,129,130
5LE5_B_5LE5_C_0
1,2,3,5,6,8,9,10,11,12,13,14,15,17,18,108,111,112,115,116,119,122,123,124,127,143,146,148,153,155,156,159,160,161,172,175,176,179,181
3,5,7,9,18,21,22,24,25,28,51,52,53,54,55,57,58,59,76,77,78,79,81,82,85,118,124,125,126,127
5LE5_B_5LE5_C_1
1,2,3,5,6,8,9,10,11,12,13,14,15,17,18,108,112,115,116,119,122,123,124,143,146,148,153,155,156,159,160,161,172,175,176,179,181
3,5,6,7,9,18,21,22,24,25,28,51,52,53,54,55,57,58,59,76,77,78,79,81,82,85,86,118,124,125,126,127
5LE5_B_5LE5_C_2
1,2,3,5,6,8,9,10,11,12,14,15,17,18,108,112,115,116,119,122,123,124,127,143,146,148,153,155,156,159,160,161,172,175,176,179,181
3,5,6,7,9,18,21,22,24,25,28,51,52,53,54,55,57,58,59,76,77,78,79,81,82,85,86,118,124,125,126,127
5LE5_B_5LE5_C_3
1,2,3,4,5,6,8,9,10,11,12,13,14,15,17,18,108,112,115,116,119,122,123,124,127,143,146,148,153,155,156,159,160,161,172,175,176,179,181
1,3,5,6,7,9,18,21,22,24,25,28,51,52,53,54,55,57,58,59,76,77,78,79,81,82,85,86,118,124,125,126,127
5LE5_B_5LE5_C_4
1,2,3,5,6,8,9,10,11,12,13,14,15,17,18,108,112,115,116,119,122,123,124,127,143,146,148,153,155,156,159,160,161,172,175,176,179,181
3,5,7,9,18,21,22,24,25,28,51,52,53,54,55,57,58,59,76,77,78,79,81,82,85,86,118,124,125,126,127
5LE5_B_5LE5_D_0
3,4,6,7,8,10,11,12,13,14,15,17,18,19,38,108,112,115,116,119,122,123,124,148,153,155,156,159,160,161,172,175,176,179,181
8,9,10,12,14,23,26,27,29,30,33,55,56,57,58,59,60,61,63,64,65,81,82,83,84,86,87,90,123,125,133,134,135,136,137
5LE5_B_5LE5_D_1
3,6,8,10,11,12,13,14,15,17,18,19,23,108,112,115,116,119,122,123,124,148,153,155,156,159,160,161,172,175,176,179,181
3,7,8,9,10,12,14,23,26,27,29,30,33,55,56,57,58,59,60,61,63,64,65,81,82,83,84,86,87,90,123,125,126,133,134,135,136,137
5LE5_B_5LE5_D_2
3,6,7,8,10,11,12,13,14,15,17,18,19,38,108,112,115,116,119,122,123,124,143,148,153,155,156,159,160,161,172,175,176,179,181
7,8,9,10,12,14,23,26,27,29,30,33,55,56,57,58,59,60,61,62,63,65,81,82,83,84,86,87,90,123,125,126,133,134,135,136,137
5LE5_B_5LE5_D_3
3,6,7,8,10,11,12,13,14,15,17,18,19,108,112,115,116,119,122,123,124,148,153,155,156,159,160,161,172,175,176,179,181
3,8,9,10,12,14,23,26,27,29,30,33,55,56,57,58,59,60,61,63,64,65,81,82,83,84,86,87,90,123,125,126,133,134,135,136,137
5LE5_B_5LE5_D_4
3,4,6,8,10,11,12,13,14,15,17,18,19,38,108,112,115,116,119,122,123,124,148,151,153,155,156,159,160,161,172,175,176,179,181
3,7,8,9,10,12,14,23,26,27,29,30,33,55,56,57,58,59,60,61,63,65,81,82,83,84,86,87,90,123,125,126,133,134,135,136,137
5LE5_B_5LE5_E_0
2,3,6,7,9,20,23,24,26,27,30,50,51,53,54,55,56,57,58,59,60,79,80,81,82,84,85,88,121,127,128,129,130,166
2,5,6,9,10,11,12,13,15,16,18,19,22,39,106,110,114,117,120,121,122,123,140,143,145,146,150,151,152,153,154,155,156,157,158,159,169,172,173,176,179,262,263
5LE5_B_5LE5_E_1
1,4,5,6,7,9,20,23,24,26,27,30,51,53,54,55,56,57,58,59,60,79,80,81,82,84,85,88,121,127,128,129,130
3,6,8,9,10,11,12,13,14,15,16,18,19,22,39,106,110,114,117,120,121,122,123,140,143,145,146,150,151,152,153,154,155,156,157,158,159,169,172,173,176,179
5LE5_B_5LE5_E_2
1,4,5,6,7,9,20,23,24,26,27,30,31,50,51,53,54,55,56,57,58,59,60,63,64,79,80,81,82,84,85,88,121,127,128,129,130
3,6,8,9,10,11,12,13,15,16,19,22,39,106,114,117,120,121,122,123,140,143,145,150,151,152,153,154,155,156,157,158,159,169,172,173,176,179,260,262,263
5LE5_B_5LE5_E_3
2,3,6,7,9,20,23,24,26,27,30,31,48,50,51,53,54,55,56,57,58,59,60,79,80,81,82,84,85,88,121,127,128,129,130
2,5,6,9,10,11,12,13,14,15,16,18,19,22,39,106,110,114,117,120,121,122,123,140,143,145,146,150,151,152,153,154,155,156,157,158,159,169,172,173,176,179,260,262,263
5LE5_B_5LE5_E_4
1,2,5,6,7,9,20,23,24,26,27,30,51,53,54,55,56,57,58,59,60,79,80,81,82,84,85,88,121,127,128,129,130
6,8,9,10,11,12,13,14,15,16,18,19,22,39,106,110,114,117,120,121,122,123,125,140,143,145,150,151,152,153,154,155,156,157,158,159,169,172,173,176,179
5LE5_B_5LE5_F_0
3,8,10,11,12,14,15,17,18,38,108,112,115,116,119,122,123,124,143,149,153,155,156,159,160,161,162,172,175,176,179,181
1,9,10,11,14,23,26,27,29,30,33,55,56,57,58,59,60,63,64,65,81,82,83,84,86,87,90,123,128,129,130,131,132
5LE5_B_5LE5_F_1
8,10,11,12,14,15,18,38,108,112,115,116,119,122,123,124,143,149,153,155,156,159,160,161,172,175,176,179,181
1,9,10,11,14,23,26,27,29,30,33,56,57,58,59,60,63,64,65,81,82,83,84,86,87,90,119,123,128,129,130,131,132
5LE5_B_5LE5_F_2
6,8,10,11,12,14,15,18,38,112,115,116,119,122,123,124,143,151,153,155,156,159,160,161,172,175,176,179,181
1,9,10,11,14,23,26,27,29,30,33,56,58,59,60,63,64,65,81,82,83,84,86,87,90,123,127,128,129,130,131,132
5LE5_B_5LE5_F_3
2,6,7,9,20,23,24,26,27,30,51,53,54,55,56,57,59,60,63,79,80,81,82,84,85,88,89,121,127,128,129,130
6,8,10,11,12,13,14,15,16,17,18,20,21,24,41,110,114,118,121,124,125,126,127,128,150,155,157,159,161,162,174,177,178,182
5LE5_B_5LE5_F_4
1,5,6,7,9,20,23,24,26,27,30,51,53,55,56,57,59,60,63,79,80,81,82,84,85,88,89,121,127,128,129,130
8,10,11,12,13,14,15,16,17,18,20,21,24,41,110,114,115,118,121,124,125,126,127,128,150,153,155,157,158,159,161,162,174,177,178,182
5LE5_B_5LE5_G_0
3,8,10,11,12,14,15,17,18,108,112,116,119,122,123,124,148,153,155,156,159,160,161,172,175,176,179,181
10,11,12,13,15,24,27,28,30,31,34,58,59,60,61,62,65,83,84,85,86,88,89,92,125,130,131,132,133,134
5LE5_B_5LE5_G_1
3,6,8,10,11,12,14,15,17,18,108,112,115,116,119,122,123,124,148,151,153,155,156,159,160,161,172,175,176,179,181
6,10,11,12,13,15,24,27,28,30,31,34,58,59,60,61,62,65,83,84,85,86,88,89,92,125,130,131,132,133,134
5LE5_B_5LE5_G_2
3,6,8,10,11,12,14,15,17,18,108,112,115,116,119,122,123,124,148,151,153,155,156,159,160,161,172,175,176,179,181
10,11,12,13,15,24,27,28,30,31,34,58,59,60,61,62,65,83,84,85,86,88,89,92,125,130,131,132,133,134
5LE5_B_5LE5_G_3
1,5,6,7,9,19,20,23,24,26,27,30,51,53,54,55,56,57,59,60,63,79,80,81,82,84,85,88,91,121,127,128,129,130
9,11,12,14,15,16,17,18,19,22,25,43,112,116,119,120,123,124,126,127,128,129,130,147,150,152,157,159,160,161,163,164,165,176,179,180,183,184
5LE5_B_5LE5_G_4
2,4,5,6,7,9,19,20,23,24,26,27,30,51,53,54,55,56,57,59,60,63,79,80,81,82,84,85,88,91,121,127,128,129,130
9,10,11,12,14,15,16,17,18,19,22,25,43,112,116,119,120,123,124,126,127,128,129,130,147,150,152,157,159,160,161,163,164,165,176,179,180,183,184
5LE5_B_5LE5_H_0
59,60,61,67,69,70,88,91,92,95,98,99,102,108,142,143,160,181
57,58,61,64,65,68,69,72,226,228,229,231,233
5LE5_B_5LE5_H_1
59,60,61,67,69,70,88,91,92,95,98,99,102,103,104,139,140,141,142,222
57,58,61,64,65,68,69,72,229,231,233
5LE5_B_5LE5_H_2
59,60,61,67,69,70,88,91,92,95,98,99,102,108,139,141,142,143,146,148,160,181
57,58,61,64,65,68,69,72,226,228,229,230,231,233
5LE5_B_5LE5_H_3
97,99,100,101,102,103,104,106,109,141,142
62,63,66,69,70,72,75,77,78,81,82,85
5LE5_B_5LE5_H_4
67,69,70,91,92,94,95,96,98,99,100,102
36,57,58,59,60,61,62,64,65,67,68,69
5LE5_b_5LE5_I_0
18,19,21,24,25,26,28,29,130,134,164,165,166,167,169,173,192,199,201,202,203,204
5,26,27,32,33,34,35,36,37,38,40,141,145,173,176,177,178,179,180,183,201,203,204,205
5LE5_B_5LE5_I_0
60,61,67,69,70,88,91,92,95,96,98,99,102
65,66,68,69,72,73,76,77
5LE5_b_5LE5_I_1
18,19,21,24,25,26,28,29,130,134,164,165,166,167,169,173,192,194,199,201,204
5,27,31,32,33,34,36,37,38,40,141,144,145,173,176,177,178,179,180,183,201,203,204,205
5LE5_B_5LE5_I_1
60,61,67,69,70,88,91,92,95,96,98,99,102
65,66,68,69,72,73,76,77
5LE5_b_5LE5_I_2
18,19,21,24,25,26,27,28,29,130,134,164,165,166,167,169,173,192,199,201,204
5,26,27,31,32,33,34,35,36,37,38,40,141,142,145,173,176,177,178,179,180,183,201,203,204,205
5LE5_B_5LE5_I_2
60,61,67,69,70,88,91,92,95,96,98,99,102
65,66,68,69,72,73,76,77
5LE5_b_5LE5_I_3
48,50,51,55,87,88,90,91,92,93,94,95,96,114,115,116,119,125,127,130,132,133,134,136,139,140,167,169
1,2,3,4,5,6,7,27,28,30,31,32,33,34,35,56,58,141,142,144,145,177,179,180,205
5LE5_B_5LE5_I_3
60,61,67,69,70,88,91,92,95,96,98,99,102
65,66,68,69,72,73,76,77
5LE5_b_5LE5_I_4
92,95,116,130,132,133,134,135,136,138,139,140,162,166,167,169,170,201
1,2,5,31,32,142,143,144,145,146,147,149,151,152,177,178,179,203
5LE5_B_5LE5_I_4
60,61,67,69,70,88,91,92,95,96,98,99,102
65,66,68,69,72,73,76,77
5LE5_B_5LE5_J_0
97,99,100,101,102,103,106,108,109,141,142,143
67,71,73,75,76,78,79,82,83,85,86,87,108,110
5LE5_B_5LE5_J_1
97,99,100,101,102,103,106,108,109,141,142,143
67,71,73,75,76,77,78,79,82,83,86,87,108,110,111
5LE5_B_5LE5_J_2
97,99,100,101,102,103,106,108,109,140,141,142,143
67,71,73,75,76,78,79,82,83,86,87,108,110,111
5LE5_B_5LE5_J_3
97,99,100,101,102,103,106,108,109,140,141,142,143
67,71,73,75,76,78,79,82,83,85,86,87,108,110
5LE5_B_5LE5_J_4
97,99,100,101,102,103,106,108,109,141,142,143
67,71,73,75,76,78,79,82,83,85,86,87,108,110,111
5LE5_B_5LE5_K_0
97,99,100,101,102,103,106,109,141,142,143
62,65,66,69,70,71,72,74,75,77,78,81,82,85,106,107,120
5LE5_B_5LE5_K_1
97,99,100,101,102,103,104,105,106,108,109,141,142,143
62,63,65,66,69,70,71,72,74,75,77,78,81,82,85,86,106,107,120
5LE5_B_5LE5_K_2
97,99,100,101,102,103,105,106,108,109,141,142,143
62,65,66,69,70,71,72,74,75,77,78,81,82,85,86,106,107,120
5LE5_B_5LE5_K_3
92,95,99,117,120,121,124,127
24,90,91,93,169
5LE5_B_5LE5_K_4
85,89,96,99,100,116,117,120,121,124,127,130
50,51,54,55,57,91,93,96,117
5LE5_B_5LE5_L_0
60,61,67,69,70,88,91,92,95,98,99,102
66,67,69,70,73,74,76,77,78,80
5LE5_B_5LE5_L_1
97,99,100,101,102,103,105,106,109,141,142,143
71,74,75,78,79,80,81,83,84,87,90,91,94,95,115,130
5LE5_B_5LE5_L_2
61,67,69,70,88,91,92,95,96,98,99,102
66,67,69,70,71,73,74,76,77,78,80
5LE5_B_5LE5_L_3
60,61,67,68,69,70,88,91,92,95,96,98,99,102
66,67,69,70,71,73,74,76,77,78,80
5LE5_B_5LE5_L_4
67,69,70,71,91,92,94,95,96,98,99,100,102,103,104
66,67,68,69,70,71,73,74,75,76,77,78,80,95
5LE5_C_5LE5_a_0
90,93,94,96,97,98,99,100,103,105,106,109,138,153
67,70,73,74,76,77,79,81,82,83,84,86,87,88,90,91,94
5LE5_C_5LE5_a_1
1,2,4,93,96,97,121,122,124
76,77,79,97,98,101,102
5LE5_C_5LE5_a_2
2,4,86,89,93,96,97,110,114,117,118,121,122,124
2,3,5,97,98,100,101,102,103,104
5LE5_C_5LE5_a_3
2,4,82,86,114,116,117,118,120,121,122,124,127
1,2,3,4,5,58,59,62,99,102,103,104,105,107
5LE5_C_5LE5_a_4
1,2,4,86,117,121,122,124
2,5,6,30,35,36,56,58,61,62,103,104
5LE5_C_5LE5_b_0
60,64,66,67,85,88,89,90,92,93,95,96,99,219
53,57,58,60,61,62,65,67,68,69,71
5LE5_C_5LE5_b_1
89,91,92,93,95,96,97
54,57,58,60,61,62,65
5LE5_C_5LE5_b_2
2,4,82,86,89,90,93,97,106,110,113,114,116,117,118,120,121,122,124,127
49,50,51,54,58,62,84,85,86,88,89,90,91,92,93,94
5LE5_C_5LE5_b_3
1,2,3,4,82,86,89,90,93,106,110,113,114,117,118,121,122,124,127
20,21,22,24,25,45,48,49,50,51,52,53,54,55,57,86,88,89,90,92,93,94
5LE5_C_5LE5_b_4
1,2,3,4,5,6,7,8,9,10,16,17,18,21,25,76,78,79,82,116,117,118,119,120,121,122,124,125,126,127
37,38,45,48,50,51,53,54,55,56,57,58,59,60,61,62,63,65,66,69,70,75,77,78,79,80,81,82,83,84,85,86,89,90,93,94,100,114,120
5LE5_C_5LE5_C_0
1,2,3,4,5,7,18,21,22,24,25,28,51,52,53,54,55,57,58,59,76,77,78,79,81,82,85,118,121,122,124,125,126,127
1,2,3,4,5,6,8,9,10,11,12,13,15,16,19,36,105,109,112,113,116,117,119,120,121,122,143,145,148,150,152,153,154,155,156,157,158,169,172,173,176
5LE5_C_5LE5_C_1
1,2,3,4,5,7,18,21,22,24,25,28,51,52,53,54,55,58,59,76,77,78,79,81,82,85,118,121,122,124,125,126,127
1,2,3,4,5,6,7,8,9,10,11,12,13,15,16,19,36,105,109,112,113,116,119,120,121,122,143,145,148,150,152,153,154,155,156,157,158,169,172,173,176
5LE5_C_5LE5_C_2
1,2,3,4,5,7,18,21,22,24,25,28,51,52,53,54,55,58,59,76,77,78,79,81,82,85,118,121,122,124,125,126,127
1,2,3,4,5,6,7,8,9,10,11,12,13,15,16,19,105,109,112,113,116,119,120,121,122,145,148,150,152,153,154,155,156,157,158,169,172,173,176
5LE5_C_5LE5_C_3
1,2,3,4,5,6,7,8,9,17,18,19,20,21,22,24,25,26,27,28,53,54,58,59,76,77,78,79,81,82,83,85,86,118,120,121,122,124,125,126,127,129,149
1,2,3,4,5,6,7,8,9,10,11,12,13,15,16,17,18,19,20,109,112,113,116,117,119,120,121,122,124,126,148,150,152,153,154,155,156,157,173
5LE5_C_5LE5_C_4
1,2,3,4,5,6,7,8,9,17,18,19,20,21,22,23,24,25,26,27,28,53,54,55,58,59,76,77,78,79,81,82,83,85,86,118,120,121,122,124,125,126,127,129,149
2,3,4,5,6,7,8,9,10,11,12,13,15,16,17,18,19,20,109,112,113,116,117,119,120,121,122,124,126,150,152,153,154,155,156,157,173,176
5LE5_C_5LE5_D_0
4,5,6,8,9,10,11,12,13,15,16,17,18,19,21,36,105,109,112,113,116,117,119,120,121,122,145,146,148,150,152,153,154,155,156,157,158,169,172,173,176
3,7,8,9,12,23,26,27,29,30,33,55,56,57,58,59,60,63,64,65,81,82,83,84,86,87,90,93,125,128,132,133,134,135,136,137
5LE5_C_5LE5_D_1
4,5,6,8,9,10,11,12,15,16,17,19,36,105,109,112,116,119,120,121,122,143,145,146,150,152,153,154,155,156,157,158,169,172,173,176
7,8,9,12,23,26,27,29,30,33,55,56,57,58,59,60,62,63,64,65,81,82,83,84,86,87,90,125,128,132,133,134,135,136,137
5LE5_C_5LE5_D_2
4,5,6,8,9,10,11,12,13,15,16,17,19,36,105,109,116,117,119,120,121,122,145,148,150,152,153,154,155,156,157,158,169,172,173,176
3,7,8,9,12,23,26,27,29,30,33,55,56,57,58,59,60,63,64,65,81,82,83,84,86,87,90,125,128,132,133,134,135,136,137
5LE5_C_5LE5_D_3
4,5,6,8,9,10,11,12,13,15,16,17,18,19,21,36,105,109,112,116,117,119,120,121,122,124,145,150,152,153,154,155,156,157,158,169,172,173,176
3,7,8,9,12,23,26,27,29,30,33,55,56,57,58,59,60,63,64,65,81,82,83,84,86,87,90,123,125,128,132,133,134,135,136,137
5LE5_C_5LE5_D_4
4,5,6,8,9,10,11,12,13,15,16,17,18,19,21,36,109,112,113,116,119,120,121,122,124,145,146,150,152,153,154,155,156,157,158,169,172,173,176
3,7,8,9,12,23,26,27,29,30,33,55,56,57,58,59,60,63,64,81,82,83,84,86,87,90,125,128,132,133,134,135,136,137
5LE5_C_5LE5_E_0
3,5,7,18,21,22,24,25,28,51,52,53,54,55,57,58,59,76,77,78,79,81,82,85,86,118,124,125,126,127
6,9,10,11,12,13,14,15,16,18,19,22,39,110,114,117,120,121,122,123,140,145,146,150,151,152,153,154,155,156,157,158,159,169,172,173,176,179
5LE5_C_5LE5_E_1
3,5,7,18,21,22,24,25,28,30,48,51,52,53,54,55,57,58,59,61,76,77,78,79,81,82,85,118,124,125,126,127
6,9,10,11,12,13,14,15,16,18,19,22,39,110,114,117,120,121,122,123,140,145,146,150,151,152,153,154,155,156,157,158,159,169,172,173,176,179,260,261,262,263
5LE5_C_5LE5_E_2
3,5,7,18,21,22,24,25,28,30,48,51,52,53,54,55,57,58,59,61,74,76,77,78,79,81,82,85,86,118,124,125,126,127,163
6,9,10,11,12,13,15,16,18,19,22,39,110,114,117,120,121,122,123,140,145,146,150,151,152,153,154,155,156,157,158,159,169,172,173,176,179,259,260,262,263
5LE5_C_5LE5_E_3
3,5,7,18,21,22,24,25,28,51,52,53,54,55,57,58,59,76,77,78,79,81,82,85,118,124,125,126,127
6,9,10,11,12,13,14,15,16,18,19,22,39,110,114,116,117,120,121,122,123,140,145,146,150,151,152,153,154,155,156,157,158,159,169,172,173,176,179
5LE5_C_5LE5_E_4
3,5,7,18,21,22,24,25,28,48,49,51,52,53,54,55,57,58,59,61,76,77,78,79,81,82,85,118,124,125,126,127
6,9,10,11,12,13,14,15,16,18,19,22,39,110,114,116,117,120,121,122,123,140,145,146,150,151,152,153,154,155,156,157,158,159,169,172,173,176,179,260,262,263
5LE5_C_5LE5_F_0
4,5,6,8,9,10,11,12,13,15,16,19,36,109,112,113,116,117,119,120,121,122,143,145,146,148,150,152,153,154,155,156,157,158,159,169,172,173,176
1,3,9,10,11,23,26,27,29,30,33,56,57,58,59,60,63,64,81,82,83,84,86,87,90,93,123,126,127,128,129,130,131,132
5LE5_C_5LE5_F_1
4,5,6,8,9,10,11,12,13,15,16,19,36,109,112,113,116,117,119,120,121,122,143,146,150,152,153,154,155,156,157,158,159,169,172,173,176
1,9,10,11,23,26,27,29,30,33,56,57,58,59,60,63,64,68,81,82,83,84,86,87,90,93,123,126,127,128,129,130,131,132
5LE5_C_5LE5_F_2
4,5,6,8,9,10,11,12,13,15,16,19,36,109,112,113,116,117,119,120,121,122,143,146,148,150,152,153,154,155,156,157,158,159,169,172,173,176
1,3,9,10,11,23,26,27,29,30,33,56,57,58,59,60,63,64,81,82,83,84,86,87,90,93,123,126,127,128,129,130,131,132
5LE5_C_5LE5_F_3
4,5,6,8,9,10,11,12,13,15,16,19,36,109,112,113,116,117,119,120,121,122,143,146,150,152,153,154,155,156,157,158,159,169,172,173,176
1,3,9,10,11,23,26,27,29,30,33,56,57,58,59,60,63,64,81,82,83,84,86,87,90,93,123,126,127,128,129,130,131,132
5LE5_C_5LE5_F_4
4,5,6,8,9,10,11,12,13,15,16,19,36,109,112,113,116,117,119,120,121,122,143,148,150,152,153,154,155,156,157,158,169,172,173,176
1,3,9,10,11,23,26,27,29,30,33,56,58,59,60,63,64,81,82,83,84,86,87,90,93,123,126,127,128,129,130,131,132
5LE5_C_5LE5_G_0
2,3,4,5,7,17,18,21,22,24,25,28,51,52,53,54,55,57,58,59,76,77,78,79,81,82,85,88,118,122,124,125,126,127
9,12,13,14,15,16,17,18,19,21,22,43,112,116,119,120,123,124,126,127,128,129,130,147,150,152,157,159,160,161,163,164,165,176,179,180,183,184
5LE5_C_5LE5_G_1
2,3,4,5,7,17,18,21,22,24,25,28,51,52,53,54,55,57,58,59,76,77,78,79,81,82,85,86,88,118,124,125,126,127
9,12,13,14,15,16,17,18,19,21,22,25,43,112,116,119,120,123,124,126,127,128,129,130,147,150,152,157,159,160,161,163,164,165,176,179,180,183,184
5LE5_C_5LE5_G_2
2,3,4,5,7,17,18,21,22,24,25,28,51,52,53,54,55,57,58,59,76,77,78,79,81,82,85,88,118,122,124,125,126,127
9,12,13,14,15,16,17,18,19,21,22,25,43,116,119,120,123,124,126,127,128,129,130,147,150,152,157,159,160,161,163,164,165,176,179,180,183,184
5LE5_C_5LE5_G_3
2,3,4,5,7,17,18,21,22,24,25,28,51,52,53,54,55,57,58,59,76,77,78,79,81,82,85,86,88,118,122,124,125,126,127
9,12,13,14,15,16,17,18,19,21,22,25,43,112,116,119,120,123,124,126,127,128,129,130,147,150,152,157,159,160,161,163,164,165,176,179,180,183,184
5LE5_C_5LE5_G_4
2,3,4,5,7,18,21,22,24,25,28,51,52,53,54,55,57,58,59,76,77,78,79,81,82,83,85,88,118,122,124,125,126,127
7,9,10,13,14,15,16,17,18,19,21,22,25,43,112,116,119,120,123,124,126,127,128,129,130,147,150,152,157,159,160,161,163,164,165,176,179,180,183,184,187
5LE5_C_5LE5_H_0
94,96,97,98,99,100,101,103,105,106,109,138
66,69,70,72,75,77,78,81,82,85
5LE5_C_5LE5_H_1
94,96,97,98,99,100,101,103,105,106,109,138
63,66,69,70,72,75,77,78,81,82,85,104,111
5LE5_C_5LE5_H_2
64,66,67,85,88,89,91,92,93,95,96
57,58,60,61,62,64,65,68,69
5LE5_C_5LE5_H_3
94,96,97,98,99,100,101,103,105,106,109,138
66,69,70,72,75,77,78,81,82,85
5LE5_C_5LE5_H_4
94,96,97,98,99,100,101,103,105,106,109,138
63,66,69,70,72,75,77,78,81,82,85,104,105
5LE5_C_5LE5_I_0
57,64,66,67,85,88,89,92,93,95,96,99
65,66,68,69,72,73,76,77
5LE5_C_5LE5_I_1
57,64,66,67,85,88,89,91,92,93,95,96,99
65,66,68,69,72,73,76,77
5LE5_C_5LE5_I_2
57,64,65,66,67,85,88,89,91,92,93,95,96,99
65,66,68,69,72,73,76,77
5LE5_C_5LE5_I_3
57,64,66,67,85,88,89,91,92,93,95,96,99
65,66,68,69,72,73,76,77
5LE5_C_5LE5_I_4
57,63,64,65,66,67,84,85,88,89,90,91,92,93,94,95,96,97,99
62,64,65,66,67,68,69,70,71,72,73,75,76,77
5LE5_C_5LE5_J_0
57,66,67,85,88,89,92,95,96,99
54,58,59,62,63,65,66,69,70
5LE5_C_5LE5_J_1
57,64,65,66,67,68,84,85,86,88,89,91,92,93,95,96,99
54,58,59,61,62,63,65,66,69,70,71,73
5LE5_C_5LE5_J_2
64,66,67,68,84,85,86,87,88,89,91,92,93,95,96,99
58,59,61,62,63,65,66,69,70,71
5LE5_C_5LE5_J_3
2,16,82,85,86,88,89,90,92,93,94,95,96,97,98,99,100,101,102,106,110,114,116,117,118,119,120,121,124,127
59,62,63,64,65,66,67,68,69,70,71,75,83,86,87,89,90,91,92,93,94,95,96,97,98,120
5LE5_C_5LE5_J_4
65,66,67,82,85,86,88,89,90,91,92,93,95,96,97,99,110,117,120,121,122,124
38,58,59,61,62,63,64,65,66,67,69,70,83,86,87,90,93,94,95,96
5LE5_C_5LE5_K_0
57,60,63,64,65,66,67,85,88,89,91,92,93,95,96,99,219
54,57,58,61,64,65,68,69,71
5LE5_C_5LE5_K_1
94,96,97,98,99,100,101,103,105,106,109,137,138,139
66,69,70,71,72,74,75,77,78,80,81,82,85,106,107,112,120
5LE5_C_5LE5_K_2
94,96,97,98,99,100,101,103,105,106,109,137,138,139
66,69,70,71,72,74,75,77,78,80,81,82,85,105,106,107,112,120
5LE5_C_5LE5_K_3
94,96,97,98,99,100,101,103,105,106,109,137,138,139,153
66,69,70,71,72,74,75,77,78,80,81,82,85,105,106,107,112,120
5LE5_C_5LE5_K_4
94,96,97,98,99,100,101,103,105,106,109,137,138,139
66,69,70,71,72,74,75,77,78,80,81,82,85,105,106,107,112,120
5LE5_C_5LE5_L_0
57,60,64,65,66,67,85,88,89,92,95,96,99
66,67,69,70,73,74,76,77,78,80
5LE5_C_5LE5_L_1
64,66,67,68,84,85,87,88,89,91,92,93,95,96,97,99,216
65,66,67,68,69,70,71,72,73,74,76,77,78,79,80
5LE5_C_5LE5_L_2
3,4,5,6,7,8,9,10,11,12,13,15,16,17,18,19,20,22,23,24,26,27,28,74,79,115,116,117,118,119,120,121,122,124,125,126,127,130,146,147,148,149,150,152,153,154,159,160,161,163,165,169
1,2,3,4,5,6,7,55,57,60,61,63,64,67,71,93,94,95,96,97,98,99,100,101,102,103,104,105,106,107,108,125,126,127,129,140,142,143
5LE5_C_5LE5_L_3
1,2,3,4,5,6,7,8,9,11,16,17,18,19,20,21,24,25,58,59,61,63,73,76,77,78,79,80,81,82,84,86,118,121,122,124,125,126
1,2,3,4,5,11,12,13,14,23,24,25,26,42,43,52,54,55,61,64,89,92,93,96,97,100,101,102,103,104,105,106,107,108,109,110,122,123,124,125,126,127,129,130,136,137,140,141,142,145,146,179,189
5LE5_C_5LE5_L_4
1,2,3,4,5,6,7,8,9,10,11,12,15,16,17,18,19,21,22,25,76,78,79,80,82,83,86,114,115,116,117,118,119,120,121,122,124,125,126,127,129,149
1,2,3,4,5,6,7,8,31,54,57,60,61,62,63,64,65,66,67,68,70,71,74,92,95,96,97,98,99,100,101,102,103,104,105,106,107,108,125,126,127
5LE5_D_5LE5_a_0
91,94,95,98,101,102
2,3,4,107,182
5LE5_D_5LE5_a_1
12,13,15,16,17,18,20,21,23,24,25,27,28,31,84,118,120,121,122,123,125,126,127,128,129,130,132,133,134,135,136,137,140,155,157,158,159,161,162,163
1,2,3,4,5,6,7,9,30,32,33,35,36,56,58,59,97,99,100,101,102,103,104,105,107,127,128,141,180,181,182
5LE5_D_5LE5_a_2
5,12,13,15,123,125,126,127,128,129,130,132,134
7,9,25,27,29,30,32,33,34,35,37,141,144,180,181,182,183,184,219
5LE5_D_5LE5_a_3
101,118,119,122,127,128,129,130,132
2,99,102,103,104,105,144
5LE5_D_5LE5_a_4
13,91,95,98,99,101,102,103,107,115,118,119,121,122,126,127,128,129,130,132
2,3,4,5,6,7,30,32,33,35,97,100,101,102,103,107,141,182
5LE5_D_5LE5_b_0
6,7,8,9,10,12,23,26,81,83,84,85,86,87,88,90,119,120,122,123,130,132,133,134,135,136,137,139
21,22,24,25,27,48,51,88,90,91,92,93,94,95,116,119,167,169
5LE5_D_5LE5_b_1
4,5,6,7,8,9,10,12,13,14,15,16,17,18,20,21,22,23,24,25,26,27,28,29,32,123,125,126,134,135,136,175
1,20,21,22,33,45,46,48,49,50,51,52,53,54,55,83,84,85,86,87,88,89,90,91,92,93,94,95,96,98,114,115,116,119,120,130,167,169
5LE5_D_5LE5_b_2
6,7,8,9,10,12,14,16,17,18,20,22,23,24,25,26,27,28,29,30,32,33,81,83,84,123,134,135,136,158,174,175
1,3,20,21,22,24,25,27,28,31,32,33,34,35,36,37,42,43,44,45,46,48,49,50,51,52,53,54,55,56,57,60,83,90,93,94,95,169
5LE5_D_5LE5_b_3
4,5,6,7,8,9,12,22,23,25,26,27,30,33,35,59,64,66,78,81,82,83,84,85,86,87,130,133,134,135,136,137,139
1,19,20,21,22,25,26,27,28,29,30,31,32,33,45,48,49,50,51,53,54,55,57,58,61,65,86,89,90,91,92,93,94,95,116,169
5LE5_D_5LE5_b_4
8,9,12,13,23,24,26,27,30,81,83,84,86,87,88,91,94,95,98,119,122,123,125,126,128,129,130,132,133,134,135,136,137,158
20,27,37,45,48,49,50,51,52,53,54,55,56,57,58,59,60,61,62,85,86,87,88,89,90,91,92,93,94,95,96,116
5LE5_D_5LE5_D_0
3,6,7,8,9,10,12,14,16,17,18,22,23,25,26,27,28,29,30,31,32,33,53,54,55,56,59,60,61,62,63,64,65,66,68,81,82,83,84,86,90,93,134,135,136,140,158,207,208
6,7,8,9,10,12,14,16,17,18,22,23,25,26,27,28,29,30,31,32,33,52,53,54,55,56,59,60,61,62,63,64,65,66,68,81,82,83,84,86,134,135,136,158,207,208,216,228
5LE5_D_5LE5_D_1
7,8,9,10,12,14,15,16,17,18,22,23,25,26,27,28,29,30,31,32,33,35,53,54,55,56,57,59,60,61,62,63,64,66,81,82,83,84,86,87,93,123,133,134,135,136,137,139,158
7,8,9,10,12,14,15,16,17,18,22,23,25,26,27,28,29,30,31,32,33,35,53,54,55,56,57,59,60,61,62,63,64,65,66,81,82,83,84,86,87,93,123,133,134,135,136,137,139,158
5LE5_D_5LE5_D_2
8,10,12,14,16,17,18,22,23,25,26,27,29,30,32,33,55,56,58,59,60,62,63,64,65,66,81,82,83,84,86,87,130,133,134,135,136,137
8,10,12,14,16,17,18,22,23,25,26,27,29,30,32,33,55,56,58,59,60,62,63,64,65,66,81,82,83,84,86,87,130,133,134,135,136,137
5LE5_D_5LE5_D_3
5,6,7,8,9,10,26,33,35,36,50,51,52,53,54,55,56,57,58,59,60,61,62,63,64,65,66,67,78,81,82,83,84,85,86,87,88,89,90,93,94,134,135,137,139,172,173,202,205,206,207,208,209,210,211,213,214,215,216,228,231,234
3,4,5,6,7,8,9,10,12,13,14,15,16,17,18,20,21,22,23,24,25,26,30,33,54,55,56,57,58,59,60,63,64,81,83,84,86,123,126,130,132,133,134,135,136,137,208
5LE5_D_5LE5_D_4
3,5,6,7,8,9,10,12,13,14,16,17,18,20,21,22,23,24,25,26,27,28,29,30,31,32,33,52,55,59,60,62,63,65,79,81,83,84,86,87,123,130,133,134,135,136,137,139,158
7,8,10,12,22,23,26,27,29,30,31,32,33,35,48,50,52,53,54,55,56,57,58,59,60,61,62,63,64,65,66,67,68,69,77,78,79,81,82,83,84,85,86,87,88,89,90,93,119,123,133,134,135,136,137,139,140,158,216,218,226,228,230
5LE5_D_5LE5_E_0
4,6,7,9,10,12,23,26,27,29,30,33,56,57,58,59,60,61,63,64,81,82,83,84,86,87,90,125,130,133,134,135,136,137
5,6,8,9,10,11,12,13,15,16,18,19,22,39,114,117,118,120,121,122,123,145,146,150,151,152,153,154,155,156,157,158,159,169,172,173,176,179
5LE5_D_5LE5_E_1
4,6,7,9,10,12,23,26,27,29,30,33,55,56,57,58,59,60,61,63,64,81,82,83,84,86,87,90,125,130,133,134,135,136,137
5,6,8,9,10,11,12,13,14,15,18,19,22,39,114,117,118,120,121,122,123,145,146,150,151,152,153,154,155,156,157,158,159,169,172,173,176,179
5LE5_D_5LE5_E_2
4,6,7,9,10,12,23,26,27,29,30,33,56,57,58,59,60,61,63,64,81,82,83,84,86,87,90,125,133,134,135,136,137
5,6,8,10,11,12,13,14,15,18,19,22,39,114,117,118,120,121,122,123,145,146,150,151,152,153,154,155,156,157,158,159,169,172,173,176,179
5LE5_D_5LE5_E_3
6,9,10,12,23,26,27,29,30,33,56,57,58,59,60,61,63,64,81,82,83,84,86,87,90,125,130,133,134,135,136,137
5,6,9,10,11,12,13,15,16,18,19,22,39,110,114,117,118,120,121,122,123,125,145,146,150,151,152,153,154,155,156,157,158,159,169,172,173,176,179
5LE5_D_5LE5_E_4
4,6,7,9,10,12,23,26,27,29,30,33,55,56,57,58,59,60,61,63,64,81,82,83,84,86,87,90,125,130,133,134,135,136,137
5,6,8,9,10,11,12,13,14,15,16,18,19,22,39,114,117,120,121,122,123,145,146,150,151,152,153,154,155,156,157,158,159,169,172,173,176,179
5LE5_D_5LE5_F_0
5,6,9,10,12,23,26,27,29,30,33,55,56,57,58,59,60,61,63,64,65,66,81,82,83,84,86,87,90,125,132,133,134,135,136,137
6,8,10,11,12,13,14,15,16,17,20,21,24,41,110,114,115,117,118,121,124,125,126,127,150,155,157,158,159,161,162,174,177,178,182
5LE5_D_5LE5_F_1
5,6,9,10,12,23,26,27,29,30,33,55,56,57,58,59,60,61,63,64,65,66,81,82,83,84,86,87,90,125,132,133,134,135,136,137
6,8,10,11,12,13,14,15,16,17,18,20,21,24,41,110,114,115,117,118,121,124,125,126,127,128,150,155,157,158,159,161,162,174,177,178,182,183
5LE5_D_5LE5_F_2
5,6,9,10,12,23,26,27,29,30,33,55,56,57,58,59,60,61,63,64,65,66,81,82,83,84,86,87,90,125,132,133,134,135,136,137
6,8,10,11,12,13,14,15,16,17,18,20,21,24,41,110,114,115,117,118,121,124,125,126,127,150,155,157,158,159,161,162,174,177,178,182
5LE5_D_5LE5_F_3
5,6,9,10,12,23,26,27,29,30,33,55,56,57,58,59,60,61,63,64,65,66,81,82,83,84,86,87,90,125,132,133,134,135,136,137
6,8,10,11,12,13,14,15,16,17,18,20,21,24,41,110,114,115,117,118,121,124,125,126,127,150,155,157,158,159,161,162,174,177,178,182
5LE5_D_5LE5_F_4
5,6,9,10,12,23,26,27,29,30,33,55,56,57,58,59,60,61,63,64,65,66,81,82,83,84,86,87,90,125,132,133,134,135,136,137
6,8,10,11,12,13,14,15,17,20,21,24,41,110,114,115,117,118,121,124,125,126,127,150,155,157,158,159,161,162,174,177,178,182
5LE5_D_5LE5_G_0
6,9,10,12,23,26,27,29,30,33,56,57,58,59,60,61,62,63,64,65,81,82,83,84,86,87,90,93,125,133,134,135,136,137
7,9,11,12,14,15,16,17,18,21,22,43,116,119,120,123,124,126,127,128,129,130,147,152,157,159,160,161,163,164,165,166,176,179,180,183,184
5LE5_D_5LE5_G_1
6,9,10,12,23,26,27,29,30,33,56,57,58,59,60,61,62,63,64,65,81,82,83,84,86,87,90,93,125,133,134,135,136,137
7,9,11,12,13,14,15,16,17,18,21,22,43,116,119,120,123,124,126,127,128,129,130,147,152,157,159,160,161,163,164,165,176,179,180,183,184
5LE5_D_5LE5_G_2
6,9,10,12,23,26,27,29,30,33,56,57,58,59,60,61,62,63,64,65,81,82,83,84,86,87,90,93,125,132,133,134,135,136,137
7,9,11,12,14,15,16,17,18,21,22,25,43,116,120,123,124,126,127,128,129,130,147,152,157,159,160,161,163,164,165,166,176,179,180,183,184
5LE5_D_5LE5_G_3
6,9,10,12,22,23,26,27,29,30,33,56,57,58,59,60,61,62,63,64,65,81,82,83,84,86,87,90,93,125,133,134,135,136,137
7,9,11,12,14,15,16,17,18,21,22,25,43,116,119,120,123,126,127,128,129,130,147,152,157,159,160,161,163,164,165,176,179,180,183,184
5LE5_D_5LE5_G_4
6,9,10,12,22,23,26,27,29,30,33,56,57,58,59,60,63,64,65,81,82,83,84,86,87,90,93,125,133,134,135,136,137
7,9,10,11,12,14,15,16,17,18,21,22,25,43,116,119,120,123,124,126,127,128,129,130,152,157,159,160,161,163,164,165,176,179,180,183,184
5LE5_D_5LE5_H_0
99,100,101,102,103,104,105,106,108,111,114,148,149
63,66,69,70,72,75,77,78,81,82,85
5LE5_D_5LE5_H_1
99,100,101,102,103,104,105,106,107,108,110,111,114,147,148,149
62,63,66,69,70,72,74,75,77,78,80,81,82,85,105,111
5LE5_D_5LE5_H_2
99,100,101,102,103,104,105,106,107,108,111,114,147,148,149
62,63,66,69,70,72,74,75,77,78,80,81,82,85,105,111
5LE5_D_5LE5_H_3
99,100,101,102,103,104,105,106,107,108,110,111,114,147,148,149
62,63,66,69,70,72,74,75,77,78,80,81,82,85,105,111
5LE5_D_5LE5_H_4
99,100,101,102,103,104,105,106,108,111,114,147,148,149
62,63,66,69,70,72,75,77,78,81,82,85,111
5LE5_D_5LE5_I_0
95,99,101,102,103,104,105,106,107,108,110,111,114,148,149
70,73,74,77,78,80,82,83,85,86,88,89,90,93,96,97,115
5LE5_D_5LE5_I_1
99,101,102,103,104,105,107,108,110,111,114,148,149
70,73,74,77,78,80,82,83,85,86,88,89,90,93,96,115
5LE5_D_5LE5_I_2
99,101,102,103,104,105,106,107,108,110,111,114,147,148,149
70,73,74,77,78,80,82,83,85,86,88,89,90,93,96,115
5LE5_D_5LE5_I_3
95,99,101,102,103,104,105,106,107,108,110,111,114,147,148,149
70,73,74,77,78,80,82,83,85,86,88,89,90,93,96,97,115
5LE5_D_5LE5_I_4
95,99,101,102,103,104,105,106,107,108,110,111,114,115,118,148,149
70,73,74,77,78,80,82,83,85,86,88,89,90,93,96,97,115
5LE5_D_5LE5_J_0
94,97,98,99,100,101,102,103,104,105,107,108,110,111,114,115,118,148,149
42,60,63,64,67,70,71,73,75,76,77,78,79,80,81,82,83,84,85,86,87,104,108,110,111,116,124
5LE5_D_5LE5_J_1
13,31,84,87,88,91,94,95,98,101,102,103,104,114,117,118,119,120,121,122,123,125,126,127,128,129,130,132,133,136,137,139,140,141,156,157,158
49,52,55,56,59,62,63,66,70,71,83,85,86,87,88,89,90,91,92,93,94,95,96,97,98,99,100,101,117,118,119,120,121,122,123,124
5LE5_D_5LE5_J_2
12,13,23,84,87,117,119,120,121,122,123,125,126,127,128,129,130,132,133,134,135,136,137,157,159
49,52,55,56,59,60,63,87,88,90,91,92,93,94,95,96,97,98,99
5LE5_D_5LE5_J_3
12,13,87,88,117,118,119,120,121,122,123,125,126,127,128,129,130,132,133,134,135,137,156,161,162
49,50,52,53,54,55,56,59,60,84,85,86,87,88,89,90,91,92,93,94,95,96,97,98,99,100,118,120,121,122
5LE5_D_5LE5_J_4
13,91,95,101,117,118,119,120,121,122,123,125,126,127,128,129,130,132,133,134,136,137,156,157,158,159,161,162
56,59,70,84,85,86,87,88,89,90,91,92,93,94,95,96,97,98,99,100,101,102,118,119,120,121,122,124
5LE5_D_5LE5_K_0
65,68,69,71,72,90,93,94,96,97,98,100,101,104
54,57,58,60,61,64,65,68,69,71
5LE5_D_5LE5_K_1
65,68,69,71,72,90,93,94,96,97,98,100,101,104
54,57,58,60,61,64,65,68,69,71
5LE5_D_5LE5_K_2
65,68,69,71,72,90,93,94,96,97,98,100,101,104
54,57,58,60,61,64,65,68,69,71
5LE5_D_5LE5_K_3
65,68,69,71,72,90,93,94,96,97,98,100,101,104
54,57,58,60,61,64,65,68,69,71
5LE5_D_5LE5_K_4
65,68,69,71,72,90,93,94,96,97,98,100,101,104
54,57,58,60,61,64,65,68,69,71
5LE5_D_5LE5_L_0
99,101,102,103,104,105,107,108,110,111,114,148,149
71,74,75,78,79,80,81,83,84,87,90,91,94,115,130
5LE5_D_5LE5_L_1
99,101,102,103,104,105,107,108,110,111,114,148,149
71,74,75,78,79,80,81,83,84,87,90,91,94,115,130
5LE5_D_5LE5_L_2
99,101,102,103,104,105,107,108,110,111,114,148,149
71,74,75,78,79,80,81,83,84,87,90,91,94,115,130
5LE5_D_5LE5_L_3
99,101,102,103,104,105,107,108,110,111,114,148,149
71,74,75,77,78,79,80,81,83,84,87,90,91,94,115,130
5LE5_D_5LE5_L_4
99,101,102,103,104,105,106,107,108,110,111,114,148,149
71,74,75,77,78,79,80,81,83,84,87,90,91,94,115,130
5LE5_E_5LE5_a_0
97,98,99,100,101,104,106,107,110,138,139,140,143
70,74,77,79,81,82,83,84,86,87,88,90,91,94
5LE5_E_5LE5_a_1
97,98,99,100,101,104,106,107,138,139,140,143
70,74,77,79,81,82,83,84,86,87,88,90,91,94
5LE5_E_5LE5_a_2
97,98,99,100,101,104,106,107,138,139,140,143
70,74,77,79,81,82,83,84,86,87,90,91,94
5LE5_E_5LE5_a_3
97,98,99,100,101,104,106,107,138,139,140,143
70,74,77,79,81,82,83,84,86,87,88,90,91,94
5LE5_E_5LE5_a_4
97,98,99,100,101,104,106,107,138,139,140,143
70,74,77,79,81,82,83,84,86,87,90,91,94
5LE5_E_5LE5_b_0
87,90,91,94,97,115,118,122,125
58,61,89,90,91,92,93
5LE5_E_5LE5_b_1
3,4,5,6,7,8,9,10,11,12,13,14,15,122,123,125
2,19,21,22,24,48,51,92,93,94,95,96,115,116,130,132,133,134,135,136,163,167,169,170
5LE5_E_5LE5_b_2
4,5,6,7,8,9,10,11,12,13,14,15,16,18,19,20,21,22,24,80,117,118,119,120,121,122,123,125,126,127,128
1,2,17,19,20,21,22,24,33,45,46,48,49,50,51,52,54,55,83,84,86,87,89,90,91,92,93,94,95,96,98,100,114,115,116,127,130,132,133,134,135,136,163,167,169,170
5LE5_E_5LE5_b_3
83,84,86,87,90,91,94,97,98,111,115,118,119,122,125,128
51,54,57,58,61,62,86,89,90,91,92,93,94,95,116
5LE5_E_5LE5_b_4
10,11,13,16,18,19,83,84,87,91,114,115,116,117,118,119,120,121,122,123,125,128,151
21,24,48,50,51,52,54,87,90,91,92,93,94,95,96,116,130,169
5LE5_E_5LE5_E_0
1,3,4,5,7,8,21,24,25,27,28,31,53,54,55,56,57,58,60,77,78,79,80,82,83,86,123,125,126,127,128
2,3,5,6,9,10,11,12,13,14,15,16,18,19,22,110,114,117,120,121,122,123,146,148,151,152,153,154,155,156,157,158,159,169,172,173,176,179
5LE5_E_5LE5_E_1
1,3,4,5,7,8,21,24,25,27,28,31,53,54,55,56,57,58,60,77,78,79,80,82,83,86,123,125,126,127,128
2,3,5,6,8,9,10,11,12,13,14,15,16,19,22,110,114,117,120,121,122,123,146,151,152,153,154,155,156,157,158,159,169,172,173,176,179
5LE5_E_5LE5_E_2
1,3,4,5,7,8,9,10,20,21,24,25,27,28,31,53,54,55,56,57,58,60,77,78,79,80,82,83,86,119,123,125,126,127,128
2,3,5,6,8,9,10,11,12,13,14,15,16,18,19,22,110,114,117,118,120,121,122,123,146,148,150,151,152,153,154,155,156,157,158,159,169,172,173,176,179
5LE5_E_5LE5_E_3
1,3,4,5,7,8,9,10,21,24,25,27,28,31,53,54,55,56,57,58,60,77,78,79,80,82,83,86,123,125,126,127,128
2,3,5,6,8,9,10,11,12,13,14,15,16,18,19,22,110,114,117,120,121,122,123,146,148,151,152,153,154,155,156,157,158,159,169,172,173,176,179
5LE5_E_5LE5_E_4
1,3,4,5,7,8,9,10,20,21,24,25,27,28,31,53,54,55,56,57,58,60,77,78,79,80,82,83,86,119,123,125,126,127,128
2,3,5,6,8,9,10,11,12,13,14,15,16,18,19,22,110,114,117,118,120,121,122,123,146,150,151,152,153,154,155,156,157,158,159,169,172,173,176
5LE5_E_5LE5_F_0
5,6,9,10,11,12,13,15,16,18,19,22,39,110,114,117,120,121,122,123,146,150,151,152,153,154,155,156,157,158,159,169,172,173,176,179,180
1,9,10,23,26,27,29,30,33,55,56,57,58,59,60,61,63,64,81,82,83,84,86,87,90,123,128,129,130,131,132
5LE5_E_5LE5_F_1
5,6,9,10,11,12,13,15,16,18,19,22,39,110,114,117,120,121,122,123,146,150,151,152,153,154,155,156,157,158,159,169,172,173,176,179,180
1,9,10,23,26,27,29,30,33,55,56,57,58,59,60,61,63,64,68,81,82,83,84,86,87,90,123,127,128,129,130,131,132
5LE5_E_5LE5_F_2
5,6,10,11,12,13,15,16,18,19,22,39,110,114,117,120,121,122,123,146,150,151,152,153,154,155,156,157,158,159,169,172,173,176,179,180
6,9,10,23,26,27,29,30,33,55,56,57,58,59,60,61,63,64,81,82,83,84,86,87,90,123,128,129,130,131,132
5LE5_E_5LE5_F_3
5,6,10,11,12,13,15,16,18,19,22,39,110,114,117,120,121,122,123,146,150,151,152,153,154,155,156,157,158,159,169,172,173,176,179,180
1,3,9,10,23,26,27,29,30,33,55,56,57,58,59,60,61,63,64,81,82,83,84,86,87,90,93,123,127,128,129,130,131,132
5LE5_E_5LE5_F_4
5,6,9,10,11,12,13,14,15,16,18,19,22,39,110,114,117,120,121,122,123,146,150,151,152,153,154,155,156,157,158,159,169,172,173,176,179,180
1,9,10,23,26,27,29,30,33,55,56,57,58,59,60,61,63,64,68,81,82,83,84,86,87,90,123,127,128,129,130,131,132
5LE5_E_5LE5_G_0
5,6,10,11,12,13,15,16,18,19,22,39,110,114,117,120,121,122,123,145,146,150,151,152,153,154,155,156,157,158,159,169,172,173,176,179
6,10,11,13,24,27,28,30,31,34,57,58,59,60,61,62,63,65,66,83,84,85,86,88,89,92,125,130,131,132,133,134
5LE5_E_5LE5_G_1
5,6,10,11,12,13,15,16,18,19,22,39,110,114,117,120,121,122,123,145,146,150,151,152,153,154,155,156,157,158,159,169,172,173,176,179
6,10,11,13,24,27,28,30,31,34,57,58,59,60,61,62,63,64,65,66,83,84,85,86,88,89,92,125,130,131,132,133,134
5LE5_E_5LE5_G_2
5,6,8,9,10,11,12,13,15,16,18,19,22,39,110,114,117,120,121,122,123,145,146,150,151,152,153,154,155,156,157,158,159,169,172,173,176,179
6,7,10,11,12,13,24,27,28,30,31,34,57,58,59,60,61,62,63,64,65,66,83,84,85,86,88,89,92,125,130,131,132,133,134
5LE5_E_5LE5_G_3
5,6,10,11,12,13,15,16,18,19,22,39,110,114,117,120,121,122,123,145,146,150,151,152,153,154,155,156,157,158,159,169,172,173,176,179
6,10,11,13,24,27,28,30,31,34,57,58,59,60,61,62,63,65,66,83,84,85,86,88,89,92,125,130,131,132,133,134
5LE5_E_5LE5_G_4
5,6,8,10,11,12,13,15,16,18,19,22,39,110,114,117,120,121,122,123,145,146,150,151,152,153,154,155,156,157,158,159,169,172,173,176,179
6,10,11,13,24,27,28,30,31,34,57,58,59,60,61,62,63,65,83,84,85,86,88,89,92,125,129,130,131,132,133,134
5LE5_E_5LE5_H_0
65,67,68,86,89,90,92,93,94,96,97,98,100
57,58,59,60,61,62,64,65,66,68,69
5LE5_E_5LE5_H_1
3,5,6,7,8,9,12,77,79,80,82,83,84,116,119,123,125,126,127,128,130
21,22,24,25,48,49,50,51,54,90,91,93,94,115,116
5LE5_E_5LE5_H_2
90,94,95,97,98,99,100,101,103,104,107,115
62,63,65,66,67,68,69,70,72,74,75,77,78,82,85,89
5LE5_E_5LE5_H_3
90,91,93,94,95,96,97,98,99,100,107,111,118,122,125
62,64,65,66,67,68,69,70,72,73,74,89,90
5LE5_E_5LE5_H_4
9,10,11,115,118,122,123,125
51,89,90,91,93,94
5LE5_E_5LE5_I_0
95,97,98,99,100,101,102,103,104,106,107,111,139
70,73,74,77,78,80,82,83,85,86,88,89,90,93,96,97,115
5LE5_E_5LE5_I_1
91,95,97,98,99,100,101,102,103,104,106,107,111,139
70,73,74,77,78,80,82,85,86,88,89,90,93,97,115
5LE5_E_5LE5_I_2
91,95,97,98,99,100,101,102,103,104,106,107,111,139
70,73,74,77,78,80,82,85,86,89,90,93,96,97,115
5LE5_E_5LE5_I_3
91,95,97,98,99,100,101,102,103,104,106,107,111,139
70,71,73,74,75,76,77,78,80,82,83,85,86,87,89,90,92,93,96,115
5LE5_E_5LE5_I_4
11,79,80,82,83,86,87,90,91,94,115,118,119,122,123,125,126,128
1,2,3,4,6,56,59,66,98,99,100,102,104,126
5LE5_E_5LE5_J_0
65,67,68,86,89,90,93,94,96,97,100
55,58,59,61,62,63,65,66,69,70
5LE5_E_5LE5_J_1
85,86,88,89,90,93,94,96,97,98,100
36,57,58,59,61,62,63,65,66,69,70,83
5LE5_E_5LE5_J_2
90,94,95,97,98,99,100,101,103,104,106,107,110,111,114,139
66,67,70,71,73,75,76,79,82,83,85,86
5LE5_E_5LE5_J_3
90,91,94,95,97,98,99,100,101,103,104,107,111
66,67,68,69,70,71,73,75,79,82,83,86
5LE5_E_5LE5_J_4
67,89,90,91,92,93,94,95,96,97,98,99,100,103,108,122
39,59,62,63,64,65,66,67,68,69,70,71,74,83,94
5LE5_E_5LE5_K_0
86,89,90,93,94,97
24,134,166,167,169
5LE5_E_5LE5_K_1
90,94,97,98,118,122,125
91,93,117,134,167,168,169
5LE5_E_5LE5_K_2
83,84,86,87,89,90,91,94,115,118,122,125,128
51,90,91,93,117,119
5LE5_E_5LE5_K_3
11,83,87,90,93,94,95,97,98,99,100,107,115,116,118,119,120,121,122,123,125,126,128
21,22,24,25,26,27,51,55,87,88,89,90,91,93,95,115,116,117,168,169
5LE5_E_5LE5_K_4
87,90,91,94,95,98,99,103,107,108,109,110,111,112,114,115,116,117,118,121,122,125,153
50,51,53,54,55,57,88,89,90,91,93,95,96,116,117,119
5LE5_E_5LE5_L_0
61,65,67,68,89,90,93,96,97,100,220
63,66,67,69,70,73,74,76,77,78,80
5LE5_E_5LE5_L_1
61,65,66,67,68,69,89,90,92,93,96,97,100,220
63,66,67,69,70,73,74,76,77,78,80
5LE5_E_5LE5_L_2
61,65,66,67,68,86,89,90,93,96,97,98,100,220
63,66,67,69,70,73,74,76,77,78,80
5LE5_E_5LE5_L_3
65,67,68,69,86,89,90,92,93,94,96,97,98,100,102,220,223
63,66,67,68,69,70,71,73,74,76,77,78,80
5LE5_E_5LE5_L_4
67,68,69,90,91,92,93,94,95,96,97,98,99,100,101,102,103,104,107,108,139,220
46,47,66,67,68,69,70,71,72,73,74,75,76,77,78,79,80,82,83,87,88,91,92,94,95,110
5LE5_F_5LE5_a_0
65,69,70,71,72,93,97,100,101,224,227
65,69,71,72,73,75,76,77,79
5LE5_F_5LE5_a_1
65,69,71,72,93,97,100,101,106,224,227
44,65,69,71,72,73,75,76,77
5LE5_F_5LE5_a_2
65,69,71,72,90,93,97,100,101,224
65,69,72,73,75,76,77
5LE5_F_5LE5_a_3
65,69,71,72,93,97,100,101,224
65,69,71,72,73,75,76,77
5LE5_F_5LE5_a_4
65,69,71,72,90,93,97,100,101,224,227
65,69,71,72,73,75,76,77,79
5LE5_F_5LE5_b_0
99,101,102,103,105,108,111,115,144,145
62,66,69,70,72,75,77,78,81,82,85,106
5LE5_F_5LE5_b_1
99,102,103,105,108,110,111,115,144,145
62,63,66,69,70,71,72,75,77,78,81,82,85,89,106,107
5LE5_F_5LE5_b_2
99,101,102,103,105,108,111,115,144,145
62,63,66,69,70,72,75,77,78,81,82,84,85,89,106
5LE5_F_5LE5_b_3
99,101,102,103,105,108,111,115,144,145
62,63,66,69,70,72,75,77,78,81,82,85,106
5LE5_F_5LE5_b_4
99,101,102,103,105,108,110,111,115,144,145
62,63,66,69,70,71,72,75,77,78,81,82,84,85,89,106
5LE5_F_5LE5_F_0
1,6,9,10,11,12,22,23,26,27,29,30,33,55,56,58,59,60,63,64,65,81,82,83,84,86,87,90,119,123,127,128,129,130,131,132
6,8,10,11,12,13,14,15,16,17,18,20,21,24,41,110,114,117,118,121,124,125,126,127,128,150,155,157,158,159,161,162,170,174,177,178,182
5LE5_F_5LE5_F_1
6,8,10,11,12,13,14,15,16,17,18,20,21,24,41,114,118,121,124,125,126,127,128,129,150,155,157,158,159,161,162,174,177,178,182
1,3,9,10,11,12,22,23,26,27,29,30,33,55,56,58,59,60,63,64,81,82,83,84,86,87,90,123,127,128,129,130,131,132
5LE5_F_5LE5_F_2
1,3,9,10,11,12,22,23,26,27,29,30,33,55,56,58,59,60,63,64,81,82,83,84,86,87,90,91,119,123,127,128,129,130,131,132
4,6,8,9,10,11,12,13,14,15,16,17,18,20,21,24,41,114,118,121,124,125,126,127,128,129,153,155,157,158,159,161,162,174,178
5LE5_F_5LE5_F_3
4,6,8,9,10,11,12,13,14,15,16,17,18,20,21,24,114,118,121,122,124,125,126,127,128,129,131,153,155,157,158,159,161,162,178
1,3,6,9,10,11,12,13,22,23,26,27,29,30,33,58,59,63,64,81,82,83,84,86,87,88,90,91,119,123,126,127,128,129,130,131,132,154
5LE5_F_5LE5_F_4
4,6,8,9,10,11,12,13,14,15,16,17,18,20,21,22,23,24,26,95,114,115,118,119,121,122,123,124,125,126,127,128,129,130,131,153,155,157,159
1,2,3,4,8,9,10,11,12,13,21,22,23,24,25,26,27,28,29,30,31,32,33,64,81,82,83,84,85,86,87,88,90,91,94,119,120,122,123,124,125,126,127,128,129,130,131,132,134,154
5LE5_F_5LE5_G_0
6,8,12,13,14,15,17,18,20,21,24,41,114,115,117,118,121,124,125,126,127,128,150,155,157,158,159,161,162,170,174,177,178,182
6,10,11,13,24,27,28,30,31,34,58,59,60,61,62,65,66,68,83,84,85,86,88,89,92,95,125,130,131,132,133,134
5LE5_F_5LE5_G_1
6,8,11,12,13,14,15,17,18,20,21,24,41,114,115,117,118,121,124,125,126,127,128,150,155,157,158,159,161,162,170,174,177,178,182
6,10,11,13,24,27,28,30,31,34,58,59,60,61,62,65,66,68,83,84,85,86,88,89,92,125,130,131,132,133,134
5LE5_F_5LE5_G_2
6,8,10,12,13,14,15,17,18,20,21,24,41,114,117,118,121,124,125,126,127,128,150,155,157,158,159,161,162,170,174,177,178,182
6,10,11,13,24,27,28,30,31,34,58,59,60,61,62,65,66,68,83,84,85,86,88,89,92,125,130,131,132,133,134
5LE5_F_5LE5_G_3
6,8,11,12,13,14,15,17,18,20,21,24,41,114,115,117,118,121,124,125,126,127,128,150,155,157,158,159,161,162,174,177,178,182
6,10,11,13,24,27,28,30,31,34,58,59,60,61,62,65,66,68,83,84,85,86,88,89,92,95,125,130,131,132,133,134
5LE5_F_5LE5_G_4
1,9,10,11,12,23,26,27,29,30,33,56,57,58,59,60,63,64,81,82,83,84,86,87,90,93,123,127,128,129,130,131,132
7,9,12,13,14,15,16,17,18,19,21,22,25,43,116,119,120,123,124,126,127,128,129,130,157,159,160,161,163,164,165,176,179,180,183,184
5LE5_F_5LE5_H_0
99,101,102,103,105,108,111,142,144,145,148
66,69,70,72,75,77,78,81,82,85,105
5LE5_F_5LE5_H_1
99,101,102,103,105,108,110,111,142,144,145,148
66,69,70,72,75,77,78,81,82,85,105
5LE5_F_5LE5_H_2
99,101,102,103,105,108,110,111,142,144,145,148
63,66,69,70,72,75,77,78,81,82,85,105
5LE5_F_5LE5_H_3
99,101,102,103,105,108,110,111,142,144,145,148
66,69,70,72,75,77,78,81,82,85,105
5LE5_F_5LE5_H_4
99,101,102,103,105,108,110,111,114,142,144,145,148
63,66,69,70,72,75,77,78,81,82,85,105
5LE5_F_5LE5_I_0
10,11,12,13,14,15,21,24,94,119,121,122,123,124,125,126,127,128,129
3,59,95,96,97,98,99,100,102,103,104,126,127
5LE5_F_5LE5_I_1
12,91,94,98,102,115,118,119,121,122,123,125,126,127,128,129,130,131,132
3,56,58,59,62,66,96,97,98,99,100,102,103,104,126,127
5LE5_F_5LE5_I_2
87,94,95,98,102,115,118,119,121,122,125,126
65,66,69,70,73,77,93,96,97,98,103
5LE5_F_5LE5_I_3
94,115,118,126
2,3
5LE5_F_5LE5_I_4
13,14,15,118,121,122,123,125,126,127,128,129
66,69,70,93,94,96,97,98,100,103
5LE5_F_5LE5_J_0
94,97,98,99,101,102,103,105,108,111,115
67,70,71,73,75,76,78,79,82,83,86,87,90
5LE5_F_5LE5_J_1
94,97,98,99,101,102,103,105,108,111,115
63,64,66,67,70,71,73,75,76,79,82,83,86,87,90
5LE5_F_5LE5_J_2
71,72,96,97,98,100,101,102,103,126
59,62,63,65,66,67,69,70,71,83,95
5LE5_F_5LE5_J_3
94,98,102,115,117,118,119,120,121,122,123,126,128,129
55,59,93,94,95,96
5LE5_F_5LE5_J_4
12,94,123,126,127,128,129,130,131
86,94,95,96,97
5LE5_F_5LE5_K_0
13,91,94,95,115,118,119,121,122,123,125,126,127,128,129
50,51,54,55,57,58,89,90,93,95
5LE5_F_5LE5_K_1
13,91,94,95,98,102,111,115,118,119,121,122,123,125,126,128,129
50,51,53,54,55,57,58,61,88,89,90,91,93,95
5LE5_F_5LE5_K_2
87,88,91,94,95,98,101,102,115,118,119,121,122,123,125,126,128,129,132
50,51,54,55,57,58,61,85,86,88,89,90,91,93,95
5LE5_F_5LE5_K_3
13,87,88,91,94,95,98,115,116,118,119,120,121,122,123,125,126,127,128,129,132
49,50,51,53,54,55,58,88,89,90,91,93,95
5LE5_F_5LE5_K_4
119,123

5LE5_F_5LE5_L_0
99,101,102,103,105,108,111
71,75,78,79,81,83,84,87,90,91,94
5LE5_F_5LE5_L_1
88,91,94,95,98,99,102,103,105,108,110,111,115,118,119,120,121,122,123,125,126,128,129,132
1,2,4,5,57,60,63,67,97,98,99,100,101,102,103,104,127
5LE5_F_5LE5_L_2
91,94,95,98,103,111,115,118,119,121,122,123,124,125,126,127,128,129
2,4,5,97,99,100,101,102,127
5LE5_F_5LE5_L_3
11,12,13,95,115,118,119,121,122,123,124,125,126,127,128,129
93,97,98,99,100,101,102,103,127
5LE5_F_5LE5_L_4
71,72,94,95,97,98,99,100,101,102,103,105,106,107,108,111,115
67,68,69,70,71,72,73,74,75,76,77,78,79,81,83,91,94,95,97,98
5LE5_G_5LE5_a_0
12,13,14,93,96,100,117,121,122,124,125,127,128,129,130,131,132,133,134
2,3,96,97,98,99,100,101,102,103,104,105,126,127,128
5LE5_G_5LE5_a_1
13,14,24,86,89,93,96,97,117,121,124,125,128,129,130,131,132,133,134
2,3,96,97,100,101,103,105,107,124,125,126,127,128,130
5LE5_G_5LE5_a_2
89,93,96,121,125,128,129,130,131,132,134
2,3,97,100,101,103,105,126,127,128,130
5LE5_G_5LE5_a_3
9,12,13,14,15,24,93,96,121,124,125,126,128,129,130,131,132,133,134
2,3,97,99,100,101,102,103,104,105,107,126,127,128
5LE5_G_5LE5_a_4
12,13,14,24,86,89,93,96,121,124,125,128,129,130,131,132,133,134
2,3,97,100,101,103,105,109,126,127,128,130
5LE5_G_5LE5_b_0
71,72,73,74,92,95,96,99,100,102,103,226,229
38,39,57,58,60,61,65,67,68,69,71
5LE5_G_5LE5_b_1
71,72,73,74,92,95,96,99,100,102,103,226,229
38,39,57,58,60,61,65,67,68,69,71
5LE5_G_5LE5_b_2
71,72,73,74,92,95,96,99,100,102,103,226,229
38,39,54,57,58,60,61,65,68,69,71
5LE5_G_5LE5_b_3
71,72,73,74,92,95,96,99,100,102,103,226,229
38,39,57,58,60,61,65,67,68,69,71
5LE5_G_5LE5_b_4
71,72,73,74,92,95,96,98,99,100,102,103,108,226,229
38,39,54,57,58,60,61,65,67,68,69,71,86
5LE5_G_5LE5_G_0
7,9,10,12,13,14,15,16,18,19,21,22,43,116,119,120,123,126,127,128,129,130,147,150,152,157,159,160,161,163,164,165,166,176,179,180,183,184
6,9,11,12,13,24,27,28,30,31,34,58,59,60,61,62,65,66,83,84,85,86,88,89,92,95,125,130,131,132,133,134
5LE5_G_5LE5_G_1
6,9,11,12,13,24,27,28,30,31,34,58,59,60,61,62,65,66,83,84,85,86,88,89,92,95,125,130,131,132,133,134
7,9,10,12,13,14,15,16,17,18,19,21,22,25,43,116,119,120,123,124,126,127,128,129,130,147,152,157,159,160,161,163,164,165,176,179,180,183,184
5LE5_G_5LE5_G_2
7,9,10,12,13,14,15,16,17,18,19,21,22,25,43,116,119,120,123,124,126,127,128,129,130,147,152,157,159,160,161,163,164,165,176,179,180,183,184
6,9,11,12,13,24,27,28,30,31,34,58,59,60,61,62,65,66,83,84,85,86,88,89,92,95,125,130,131,132,133,134
5LE5_G_5LE5_G_3
6,9,11,12,13,23,24,27,28,30,31,34,58,59,60,61,62,65,66,83,84,85,86,88,89,90,92,95,125,129,130,131,132,133,134,156
7,9,10,12,13,14,15,16,17,18,19,21,22,25,26,43,113,116,119,120,123,124,126,127,128,129,130,152,155,157,159,160,161,163,164,165,176,179,180,183,184
5LE5_G_5LE5_G_4
7,9,10,12,13,14,15,16,17,18,19,21,22,25,26,43,116,119,120,123,124,126,127,128,129,130,152,155,157,159,160,161,163,164,165,176,179,180,183,184
9,11,12,13,24,27,28,30,31,34,58,59,60,61,62,65,66,83,84,85,86,88,89,92,95,125,130,131,132,133,134
5LE5_G_5LE5_H_0
101,103,104,105,107,110,112,113,116,144,145,146,147,150
66,69,70,72,73,75,77,78,81,82,85,105,106
5LE5_G_5LE5_H_1
101,103,104,105,107,110,112,113,116,144,145,146,147,150
66,69,70,72,73,75,77,78,81,82,85,105,106
5LE5_G_5LE5_H_2
101,103,104,105,107,110,112,113,116,144,145,146,147,150
66,69,70,72,73,75,77,78,81,82,85,105,106
5LE5_G_5LE5_H_3
101,103,104,105,107,110,112,113,116,144,145,146,147,150
66,69,70,72,73,75,77,78,81,82,85,105,106
5LE5_G_5LE5_H_4
101,103,104,105,107,110,112,113,116,144,145,146,147,150
66,69,70,72,73,75,77,78,81,82,85,105,106
5LE5_G_5LE5_I_0
101,103,104,105,107,110,112,113,116,144,145,146,147
74,77,78,80,83,85,86,89,90,93,96,115
5LE5_G_5LE5_I_1
101,103,104,105,107,110,112,113,116,117,144,145,146,147
74,77,78,80,82,83,85,86,89,90,93,96,97,115
5LE5_G_5LE5_I_2
101,103,104,105,107,110,112,113,116,144,145,146
74,77,78,80,82,83,85,86,89,90,93,96,97,115
5LE5_G_5LE5_I_3
101,103,104,105,107,110,112,113,116,117,144,145,146
74,77,78,80,82,83,85,86,89,90,93,96,97,115
5LE5_G_5LE5_I_4
101,103,104,105,107,110,112,113,116,117,144,145,146,147
70,73,74,77,78,80,82,83,85,86,89,90,93,96,97,115
5LE5_G_5LE5_J_0
13,14,15,86,88,89,90,92,93,96,97,100,103,104,117,120,121,122,123,124,125,126,127,128,129,130,131,134
24,49,52,59,63,83,85,86,87,89,90,91,92,93,94,95,96,97,99,120,121
5LE5_G_5LE5_J_1
72,93,94,95,96,97,98,100,104,114,117,118,124,127,128,130,131
59,63,66,70,86,90,93,94,95,96,97
5LE5_G_5LE5_J_2
93,96,97,117,118,121,128,129,130
59,83,86,87,90,95
5LE5_G_5LE5_J_3
10,13,14,15,16,17,18,19,21,22,23,24,25,26,27,28,29,80,86,87,88,89,90,91,92,93,94,117,118,119,120,121,122,123,124,125,126,127,128,129,130,131,132,133,134,136,138,154,155,156,157,159,160,161
49,52,55,56,59,60,63,82,83,84,85,86,87,88,89,90,91,92,93,94,95,96,97,98,99,100,102,117,118,119,120,121,122,123,124,125
5LE5_G_5LE5_J_4
88,92,93,95,96,97,100,103,104,117,124,127,128,130,131
59,62,63,66,70,86,90,92,93,94,95
5LE5_G_5LE5_K_0
14,93,97,117,121,123,124,125,127,128,129,130,131
50,51,52,53,54,55,90,93,95
5LE5_G_5LE5_K_1
93,96,97,100,104,117,120,121,123,124,127,128,129,130,131
54,55,58,61,89,90,93,117
5LE5_G_5LE5_K_2
13,14,15,93,97,116,117,120,121,123,124,127,128,129,130,131
50,51,53,54,55,57,61,89,90,93,95
5LE5_G_5LE5_K_3
9,13,14,15,16,22,93,97,117,118,120,121,122,123,124,125,126,127,128,129,130,131,133,134
54,55,57,58,61,62,65,69,85,86,87,88,89,90,91,93,95,117
5LE5_G_5LE5_K_4
9,13,14,15,89,93,96,97,117,118,120,121,123,124,125,127,128,129,130,131,132,133,134
35,45,49,50,51,52,53,54,55,56,57,58,87,89,90,91,93,95,96,97,116
5LE5_G_5LE5_L_0
101,103,104,105,107,109,110,112,113,116,145,146
71,75,78,79,81,83,84,87,90,91,94,97,115
5LE5_G_5LE5_L_1
101,103,104,105,107,109,110,112,113,116,117,120,144,145,146,160
71,74,75,77,78,79,80,81,83,84,87,90,91,93,94,97,115,130
5LE5_G_5LE5_L_2
10,12,13,14,15,16,17,22,23,24,25,27,28,29,31,33,115,119,122,123,124,125,126,127,128,129,130,131,132,133,137,139,153,154,155,156,157,159,160,161,163,166,167,168,172,173,174,176
1,2,3,4,5,6,31,57,60,62,63,64,67,71,95,96,97,98,99,100,101,102,103,104,105,107,125,126,127,129
5LE5_G_5LE5_L_3
9,10,11,12,13,14,15,16,17,18,22,23,24,25,26,27,28,32,70,80,81,83,84,85,86,87,88,89,90,91,92,93,96,97,100,104,117,121,123,124,125,126,127,128,129,130,131,132,133,134,136,137,138
1,2,3,4,5,6,7,8,33,34,54,57,60,61,63,64,96,97,98,99,100,101,102,103,104,105,106,107,108,125,126,127,188
5LE5_G_5LE5_L_4
9,12,13,14,15,16,17,18,19,24,28,83,85,86,124,125,127,128,129,130,131,132,133,134,156
1,3,4,5,57,60,63,97,98,99,100,101,102,103,104,105,127
5LE5_H_5LE5_a_0
77,80,81,84,109,111,119,121,122,123,124,132,133,135,136,137,139,140,141,142,144,145,157,161,164,165
141,144,145,147,148,149,151,152,155,156,171,174,175,178,179,211,214,215,216,219
5LE5_H_5LE5_a_1
77,80,81,84,109,111,119,120,121,122,123,124,132,133,135,136,137,139,140,141,142,144,145,157,161,164,165
141,144,145,147,148,149,151,152,155,156,171,174,175,178,179,211,214,215,216,218,219
5LE5_H_5LE5_a_2
77,80,81,84,111,119,120,121,122,123,124,132,133,135,136,137,139,140,141,142,144,145,157,161,164,165
141,144,145,147,148,149,151,152,155,156,171,174,175,178,179,208,211,214,215,216,218,219
5LE5_H_5LE5_a_3
77,80,81,84,109,111,119,120,121,122,123,124,132,133,135,136,137,138,139,140,141,142,144,145,157,161,164,165
141,144,145,147,148,149,151,152,155,156,171,174,175,178,179,208,211,214,215,216,218,219
5LE5_H_5LE5_a_4
7,77,80,81,84,109,111,119,120,121,122,123,124,132,133,135,136,137,138,139,140,141,142,144,145,157,161,164,165
141,144,145,147,148,149,151,152,155,156,171,174,175,178,179,208,211,214,215,216,218,219
5LE5_H_5LE5_b_0
81,84,85,88,91,112,114,116,118,119,120,122,124,126,131,132,135,139
20,22,25,27,28,29,30,31,48,49,50,51,53,54,55,57,93,94
5LE5_H_5LE5_b_1
81,84,85,88,91,112,114,116,118,119,120,122,124,126,131,132,135,139
20,22,25,27,28,29,30,31,48,49,50,51,53,54,55,57,93,94
5LE5_H_5LE5_b_2
81,84,85,88,91,112,114,116,118,119,120,122,124,126,131,132,135,138,139
20,22,25,27,28,29,30,31,48,49,50,51,53,54,55,57,93,94
5LE5_H_5LE5_b_3
81,84,88,91,112,114,116,118,119,120,122,124,126,131,132,135,139
20,22,25,27,28,29,30,31,48,49,50,51,53,54,55,57,93,94
5LE5_H_5LE5_b_4
81,84,88,91,112,114,116,118,119,120,122,124,126,131,132,135,139
20,22,25,27,28,29,30,31,48,49,50,51,53,54,55,57,93,94
5LE5_H_5LE5_H_0
19,21,24,25,26,129,132,166,167
19,21,24,25,26,129,132,166,167
5LE5_H_5LE5_H_1
22,25,26,27,28,29,30,31,32,36,50,53,54,57,58,61,62,64,65,68,81,85,89,171,187,191,194,195,197,203,204
22,25,26,27,28,29,30,31,32,36,50,53,54,57,58,61,62,64,65,68,81,85,89,171,187,191,194,195,197,203,204
5LE5_H_5LE5_H_2
2,21,22,24,27,48,49,50,51,54,88,90,91,93,94,114,115,116,126,127,129,131,132,133,134,135,136,161,165,166,167,169,209,210,211,212,213,214
2,21,22,24,27,48,49,50,51,53,54,88,90,91,93,94,114,115,116,129,131,132,133,134,135,136,161,165,166,167,169,209,210,211,212,213,214
5LE5_H_5LE5_H_3
10,22,28,30,36,39,42,54,57,64,172,181,183,185,187,188,195,198,203
10,22,28,30,36,39,42,54,57,64,181,182,183,185,187,188,195,198,203
5LE5_H_5LE5_H_4
19,20,21,22,24,25,26,27,28,29,129,137,140,141,146,149,150,153,154,156,157,160,163,164,165,166,167,169,171,172,173,189,190,191,192,193,194,195,197,198,199,202,203,204,208
19,20,21,22,24,25,26,27,28,29,129,137,140,141,149,150,153,154,156,157,160,163,164,165,166,167,169,171,172,173,189,190,191,192,193,194,195,197,198,199,202,203,204,208
5LE5_H_5LE5_I_0
20,22,25,27,28,29,48,49,50,51,53,54,55,57,86,90,93,94,195,198,201,202,203,204,205,206,208,209,210,211,212,213,214,215,216,217,218,219,220,221,224
47,48,92,93,96,99,100,106,115,117,123,125,127,129,130,131,133,143,144,147,151,152,153,155,158,159,161,162,164,165,166,168,169,172,190,192,193,194,195,196,197,198,199,200,201
5LE5_H_5LE5_I_1
20,22,25,27,28,29,48,49,50,51,53,54,55,57,86,90,93,94,195,198,201,202,203,204,205,206,208,209,210,211,212,213,214,215,216,217,218,219,220,221,224
47,48,92,93,96,99,100,106,115,117,125,127,129,130,131,133,143,144,147,151,152,153,154,155,159,161,162,164,165,166,168,169,172,190,192,193,194,195,196,197,198,199,200,201
5LE5_H_5LE5_I_2
20,22,25,27,28,29,48,49,50,51,53,54,55,57,86,90,93,94,195,198,201,202,203,204,205,206,208,209,210,211,212,213,214,215,216,217,218,219,220,221,224
47,48,92,93,96,99,100,106,115,117,123,125,127,129,130,131,133,143,144,147,151,152,153,155,158,159,161,162,164,165,166,168,169,172,190,192,193,194,195,196,197,198,199,200,201
5LE5_H_5LE5_I_3
20,22,25,27,28,29,48,49,50,51,53,54,55,57,86,90,93,94,195,198,202,203,204,206,208,209,210,211,212,213,214,215,216,217,218,219,220,221,224
47,48,92,93,96,99,100,106,115,117,123,125,127,129,130,131,133,135,143,144,147,151,152,153,154,155,161,162,164,165,166,168,169,172,190,192,193,194,195,196,197,198,199,200,201
5LE5_H_5LE5_I_4
20,22,25,27,28,29,48,49,50,51,53,54,55,57,86,90,93,94,195,198,201,202,203,204,205,206,208,209,210,211,212,213,214,215,216,217,218,219,221,224
47,48,92,93,96,99,100,106,115,117,125,127,129,130,131,133,143,144,147,151,152,153,154,155,158,159,161,162,164,165,166,168,169,172,190,192,193,194,195,196,197,198,199,200,201
5LE5_H_5LE5_J_0
81,84,85,88,89,91,93,112,114,116,118,120,122,125,131,132,135,139
21,23,24,25,26,28,29,32,49,50,52,54,55,56,58,96,97,98,99
5LE5_H_5LE5_J_1
81,84,85,88,89,90,91,93,112,114,116,118,120,122,125,131,132,135,139
21,23,24,25,26,28,29,49,50,52,54,55,56,58,94,95,96,97,98,99
5LE5_H_5LE5_J_2
81,84,85,88,89,90,91,93,112,114,116,118,120,122,125,131,132,135,139
21,23,24,25,26,28,29,49,50,52,54,55,56,58,94,95,96,97,98,99
5LE5_H_5LE5_J_3
84,85,88,89,90,91,93,94,114,115,116,118,120,122,127,131,132,135
23,24,25,26,28,49,50,52,54,55,56,59,88,91,92,94,95,96,97,98,99,100
5LE5_H_5LE5_J_4
48,51,88,89,90,91,93,94,114,115,116,118,132
49,52,55,56,88,90,91,92,93,94,95,96,97,98,99,120,121,134
5LE5_H_5LE5_K_0
19,21,24,25,26,29,129,133,164,165,166,167,194,195,197,198,199,201,202,204
19,21,24,25,26,29,130,133,134,141,158,161,165,166,167,168,169,196,198,199,200,202,203,204
5LE5_H_5LE5_K_1
19,21,24,25,26,29,129,132,133,164,165,166,167,194,195,197,198,199,201,202
19,21,24,25,26,29,130,133,134,158,161,165,166,167,168,169,196,198,199,200,202,203,204
5LE5_H_5LE5_K_2
19,21,24,25,26,29,129,132,133,165,166,167,169,195,199
19,21,24,25,26,130,133,134,165,166,167,168,169,200,203,204
5LE5_H_5LE5_K_3
2,19,21,22,24,25,26,27,29,129,133,164,165,166,167,169,171,194,195,197,198,199,201,202,203
19,21,24,25,26,29,130,132,133,134,154,158,161,162,165,166,167,168,169,170,196,197,198,199,200,202,203,204
5LE5_H_5LE5_K_4
2,19,21,24,25,26,27,29,129,131,132,133,165,166,167,169,194,195,197,199,202
1,2,17,19,21,22,24,25,26,29,130,132,133,134,141,165,166,167,168,169,170,196,200,202,203,204
5LE5_H_5LE5_L_0
19,21,24,25,26,27,29,129,163,164,165,166,167,171,193,195,198,199,202,204,208,209,210
7,28,30,33,34,35,38,144,148,151,152,158,159,160,161,173,174,176,177,178,180,181,184,185,186,187,188,211,212,213
5LE5_H_5LE5_L_1
19,21,24,25,26,27,28,29,129,163,164,165,166,167,171,193,195,198,199,202,204,208,209,210
7,28,30,33,34,35,38,144,148,151,152,158,159,160,161,173,174,176,177,178,180,181,184,185,186,187,188,211,212,213
5LE5_H_5LE5_L_2
19,21,24,25,26,27,29,129,163,164,165,166,167,171,193,195,198,199,202,204,208,209,210
28,30,33,34,35,38,144,148,151,152,158,159,160,161,173,174,176,177,178,180,181,184,185,186,187,188,191,211,212,213
5LE5_H_5LE5_L_3
19,21,24,25,26,27,29,129,163,164,165,166,167,171,193,195,198,199,202,204,208,209,210
28,30,33,34,35,38,144,148,151,152,158,159,160,161,173,174,176,177,178,180,181,184,185,186,187,188,211,212,213
5LE5_H_5LE5_L_4
19,21,24,25,26,27,28,29,129,163,164,165,166,167,171,193,195,198,199,202,204,208,209,210
28,30,33,34,35,38,144,148,151,152,158,159,160,161,173,174,176,177,178,180,181,184,185,186,187,188,191,211,212,213
5LE5_I_5LE5_I_0
1,2,3,6,7,28,30,31,35,56,57,58,59,61,62,65,66,98,100,102,103,104,126
1,2,3,6,7,28,30,31,35,56,57,58,59,61,62,65,66,98,100,102,103,104,126
5LE5_I_5LE5_I_1
2,3,4,5,96,99,100,102,104,125,126,127,129,131,135,136,141,143,144,145,147,151,152,154,180
2,3,4,5,96,99,100,102,104,125,126,127,129,131,133,135,136,141,143,144,145,147,150,151,152,154,180
5LE5_I_5LE5_I_2
85,96,99,100,102,123,125,127,129,130,131,132,133,135,136,144,147,150,151,152
85,96,99,100,102,123,125,127,129,130,131,132,133,135,136,144,147,150,151,152
5LE5_I_5LE5_I_3
1,2,3,5,6,7,27,28,30,31,32,33,35,56,57,58,59,62,66,97,98,100,102,103,104,126,127
1,2,3,5,6,7,27,28,30,31,32,33,35,56,57,58,59,62,66,97,98,100,102,103,104,126,127
5LE5_I_5LE5_I_4
1,2,3,5,85,95,96,99,100,102,104,106,123,125,126,127,129,130,131,138,141,142,143,144,145,147,151,177,178,179,180
1,2,3,5,85,95,96,99,100,102,104,106,123,125,126,127,129,130,131,138,141,142,143,144,145,147,151,177,178,179,180
5LE5_J_5LE5_a_0
23,24,25,26,27,28,29,32,49,50,52,54,55,56,58,95,96,97,98,99
93,94,97,100,101,102,103,124,126,128,130,132,143,144,147,151
5LE5_J_5LE5_a_1
1,92,97,99,120,121,134,137,172
2,3,4,5,103,107,141,144
5LE5_J_5LE5_a_2
23,24,25,26,49,50,52,55,56,88,91,92,94,95,96,97,98,99,100,120,121,122
2,97,98,99,100,101,102,103,104,105,107,124,126,127,128,130,132,143,144,147,148,151
5LE5_J_5LE5_a_3
49,52,88,92,93,94,95,96,97,99,100,101,102,117,118,119,120,121,123,125,127,132,136,137,140,144
1,2,3,4,5,6,7,30,32,33,35,36,56,57,58,59,62,99,102,103,104,105,107,182
5LE5_J_5LE5_a_4
49,52,88,92,95,97,98,99,100,101,117,118,119,120,121,122,123,124,125,132,134,136,137,140
1,2,3,4,5,6,7,30,32,33,35,36,56,58,104,107,141,181,182
5LE5_J_5LE5_b_0
21,23,24,25,26,27,28,29,32,49,50,52,53,54,55,56,58,96,97,98,99,100
84,88,89,91,92,93,99,113,115,116,119,121,123,126,127,130,132,133,134,136,140
5LE5_J_5LE5_b_1
129,137,138,140,141,144,145,147,148,149,166,169,170
125,133,134,136,138,139,140,141,142,143,155,162,166,198,200,202
5LE5_J_5LE5_b_2
22,23,24,25,26,27,28,32,49,50,52,53,54,55,56,59,88,91,92,94,95,96,97,98,99,100
3,46,84,88,89,90,91,92,93,94,95,113,115,116,119,121,123,125,126,127,132,133,134,135,136,139,140
5LE5_J_5LE5_b_3
1,2,21,22,23,24,25,26,28,49,50,52,53,55,56,88,91,92,94,95,96,97,98,99,100,120,121,172,173
3,4,84,87,88,89,90,91,92,93,95,99,113,114,115,116,119,121,122,123,125,126,127,132,133,135,136,139,140
5LE5_J_5LE5_b_4
1,23,24,25,26,49,52,96,97,99,120,134,137,172
88,91,92,95,115,116,119,120,121,123,127,132,133,136,139,140
5LE5_J_5LE5_I_0
82,85,86,89,90,92,93,101,117,119,120,121,122,123,124,125,127,130,131,132,136,137,140
3,6,7,28,30,31,32,33,35,36,38,39,56,57,58,59,61,62,63,65,66,95,98,102,103,104,105
5LE5_J_5LE5_I_1
82,85,86,89,90,92,93,95,101,117,118,119,120,121,122,123,124,125,127,132,136,137,140
3,6,7,28,30,31,32,33,35,36,39,56,57,58,59,61,62,63,65,66,94,95,98,100,102,103,104,105
5LE5_J_5LE5_I_2
82,85,86,89,90,92,93,95,99,101,117,118,119,120,121,122,123,124,125,127,129,131,132,136,137,140,144
3,6,7,28,30,31,32,33,35,36,39,56,57,58,59,61,62,63,65,66,94,95,98,100,102,103,104,105
5LE5_J_5LE5_I_3
89,90,92,93,94,95,96,97,99,117,119,120,121,122,123,134,137
1,3,6,7,30,31,56,58,59,62,63,66,98,99,100,102,103,104
5LE5_J_5LE5_I_4
1,23,24,25,46,49,50,52,55,56,59,60,84,87,88,89,90,91,92,93,94,95,96,97,98,99,100,102,120,121,122,134
2,3,4,66,70,94,95,96,97,98,99,100,102,103,104,124,125,126,127,129,130,131,133,144,147,151
5LE5_J_5LE5_J_0
1,24,25,47,49,52,97,99,100,101,103,117,119,120,121,123,125,127,129,130,131,132,134,136,137,140,141,144,170,171,172,173
1,24,25,47,49,52,97,99,100,101,103,117,119,120,121,123,125,127,129,130,131,132,134,136,137,140,141,144,170,171,172,173
5LE5_J_5LE5_J_1
1,2,24,25,49,85,92,93,95,97,99,101,117,119,120,121,122,123,125,127,128,129,130,134,137,138,140,144,171,172,173
1,2,24,25,49,85,92,93,95,97,99,101,117,119,120,121,122,123,125,127,128,129,130,134,137,138,140,144,171,172,173
5LE5_J_5LE5_J_2
78,82,85,86,88,89,90,92,93,101,117,119,120,121,122,123,124,125,126,127,128,129,130,132,134,136,137,138,140,141,143,144,145,166,170,171
78,82,85,86,88,89,90,92,93,101,117,119,120,121,122,123,124,125,126,127,128,129,130,132,134,136,137,138,140,141,143,144,145,166,170,171
5LE5_J_5LE5_J_3
1,24,25,85,89,92,93,95,97,99,101,117,119,120,121,122,123,125,134,136,137,138,171,172,173
1,24,25,85,89,92,93,95,97,99,101,117,119,120,121,122,123,125,134,136,137,138,171,172,173
5LE5_J_5LE5_J_4
92,93,117,119,120,121,122,123,124,125,129,130,131,136,137,138,139,140,141,142,143,144,145,146,166,170,171,172
92,93,117,118,119,120,121,122,123,124,125,129,130,131,134,136,137,138,139,140,141,142,143,144,145,146,166,170,171,172
5LE5_J_5LE5_K_0
129,137,138,140,141,142,143,144,145,146,148,155,162,165,166,169,170
125,133,134,136,138,139,140,141,143,154,155,158,162,165,166,204
5LE5_J_5LE5_K_1
21,23,24,25,26,28,29,31,32,49,50,52,53,54,55,56,58,95,96,97,98,99
81,84,85,88,91,93,113,115,117,119,120,121,122,125,126,128,132,133,136
5LE5_J_5LE5_K_2
21,23,24,25,26,28,29,31,32,49,50,52,53,54,55,56,58,96,98,99
81,84,85,88,91,93,113,115,117,119,121,122,125,126,132,133,136
5LE5_J_5LE5_K_3
21,23,24,25,26,28,29,31,32,49,50,52,53,54,55,56,58,96,98,99
81,84,85,88,91,113,115,117,119,120,121,122,125,126,128,132,133,136
5LE5_J_5LE5_K_4
21,23,24,25,26,28,29,31,32,49,50,52,53,54,55,56,58,95,96,97,98,99,100
81,84,85,88,89,91,93,113,115,117,119,120,121,122,125,126,128,132,133,136
5LE5_J_5LE5_L_0
1,82,85,86,88,89,90,91,92,93,94,95,96,97,99,119,120,121,122,123,125,134,137,138,172
1,3,4,5,7,33,60,97,99,100,101,102,103,105,107,125,126,127,141,142,143,144,146,147,150,157,185,188
5LE5_J_5LE5_L_1
78,82,85,89,90,91,92,93,94,95,96,97,98,99,119,120,121,122,123,134,137
1,3,4,5,7,60,97,99,100,101,102,103,105,107,125,126,127,129,142,143,144,146,147
5LE5_J_5LE5_L_2
44,46,56,84,85,88,89,90,91,92,93,94,95,96,97,99,100,101,102,116,117,118,119,120,121,122,123,124,125,132,137
1,2,3,4,5,6,7,33,57,60,97,99,100,101,102,103,105,107,126,127
5LE5_J_5LE5_L_3
56,60,81,82,83,84,85,86,87,88,89,91,92,93,94,95,96,97,99,102,104,118,119,120,121,122,123,124,125,137,140
1,2,3,4,5,6,7,33,57,99,100,101,102,103,105,127,188
5LE5_J_5LE5_L_4
49,52,82,85,89,90,91,92,93,94,95,96,97,98,99,119,120,121,123,124,134
1,2,3,4,5,7,97,98,99,100,101,102,103,105,107,125,126,127,129,143
5LE5_K_5LE5_a_0
19,21,24,25,26,27,28,29,30,32,53,57,130,134,162,165,166,167,168,169,173,191,192,193,196
29,32,33,34,35,37,141,145,177,179,180,181,182,183,184,207,209,211,212,213,215,218
5LE5_K_5LE5_a_1
19,21,22,24,25,26,29,30,32,130,133,134,165,166,167,168,169,191,193,194
27,29,32,33,34,35,37,141,145,177,179,180,181,182,183,184,209,212,213,215,218
5LE5_K_5LE5_a_2
22,24,25,26,27,28,49,50,51,54,55,57,90,93,95
94,97,100,101,102,103,124,126,128,130,132,143,144,147,148,151
5LE5_K_5LE5_a_3
19,21,22,24,25,26,28,29,30,32,130,132,133,134,165,166,167,168,169,173,186,191,192,193,194
9,27,29,32,33,34,35,37,141,144,145,177,178,179,180,181,182,183,184,207,209,211,212,213,215,218
5LE5_K_5LE5_a_4
21,22,24,25,51,55,90,91,93,95,96,116,117,167,168,169
1,2,3,4,5,102,103,104,105,107,127,128,141,143,144,145
5LE5_K_5LE5_b_0
19,21,24,25,26,28,29,30,32,130,134,161,162,164,165,166,167,168,169,196,197
19,21,24,25,26,29,30,130,134,165,166,167,169,192,199,201,204
5LE5_K_5LE5_b_1
19,21,24,25,26,28,29,30,32,130,134,161,162,164,165,166,167,168,169,197
19,21,24,25,26,29,130,134,165,166,167,169,192,199,201,204
5LE5_K_5LE5_b_2
19,21,24,25,26,28,29,30,32,130,133,134,161,162,164,165,166,167,168,169,197
19,21,24,25,26,29,30,130,134,165,166,167,169,192,196,199,201,204
5LE5_K_5LE5_b_3
19,21,24,25,26,28,29,30,32,130,133,134,161,162,165,166,167,168,169,186,196,197
19,21,24,25,26,29,30,130,134,165,166,167,169,192,196,199,201,204
5LE5_K_5LE5_b_4
22,24,50,51,91,96,113,115,117,119,121,130,132,133,134,166,167,168,169
22,24,25,27,48,50,51,92,95,115,116,119,130,132,133,134,136,166,167,169
5LE5_K_5LE5_I_0
20,25,27,28,30,49,50,51,53,54,55,57,90,93,95,96
85,89,92,93,96,99,100,125,127,129,130,131,133,136,138,144,147,151
5LE5_K_5LE5_I_1
19,21,24,25,26,27,28,29,130,134,161,164,165,166,167,168,169,191,192,193,196,197
1,5,27,31,32,33,34,35,37,141,145,176,177,178,179,180,183,201,203,204,205
5LE5_K_5LE5_I_2
19,21,24,25,26,27,28,29,130,134,161,164,165,166,167,168,169,191,192,193,196,197
1,27,31,32,33,34,35,37,141,145,176,177,178,179,180,183,201,203,204,205
5LE5_K_5LE5_I_3
19,21,24,25,26,28,29,130,134,161,164,165,166,167,168,169,191,192,193,196,197
1,5,27,31,32,33,34,35,37,141,145,176,177,178,179,180,183,201,203,204,205
5LE5_K_5LE5_I_4
19,21,24,25,26,28,29,130,133,134,161,164,165,166,167,168,169,170,191,192,193,196,197
1,5,27,31,32,33,34,35,36,37,141,145,176,177,178,179,180,183,201,203,204,205
5LE5_K_5LE5_K_0
77,81,84,85,88,91,107,112,113,115,119,120,121,122,124,125,126,127,128,130,132,133,134,136,140,141,167
77,81,84,85,88,91,107,112,113,115,119,120,121,122,124,125,126,127,128,130,132,133,134,136,140,141,167
5LE5_K_5LE5_K_1
7,77,81,91,96,107,112,113,115,116,117,119,120,121,122,124,125,126,127,128,132,133,134,136,140,141,143
7,77,81,91,96,107,112,113,115,116,117,119,120,121,122,124,125,126,127,128,132,133,134,136,140,141,143
5LE5_K_5LE5_K_2
77,81,84,85,88,91,107,112,113,115,119,120,121,122,124,125,126,127,128,130,132,133,136,140,141,167
77,81,84,85,88,91,107,112,113,115,119,120,121,122,124,125,126,127,128,130,132,133,136,140,141,167
5LE5_K_5LE5_K_3
77,81,84,85,88,96,107,112,113,115,116,117,119,120,121,122,124,125,126,127,128,130,132,133,136,140,141
77,81,84,85,88,96,107,112,113,115,116,117,119,120,121,122,124,125,126,127,128,130,132,133,136,140,141
5LE5_K_5LE5_K_4
20,22,27,28,31,35,45,49,50,51,52,53,54,55,56,57,87,90,91,93,95,96,97,113,115,116,117,119,133,169
20,22,27,28,31,35,45,49,50,51,52,53,54,55,56,57,87,90,91,93,95,96,97,113,115,116,117,119,133,169
5LE5_K_5LE5_L_0
25,27,28,29,30,31,49,50,51,53,54,55,57,90,93,95,96
90,93,94,97,100,101,125,127,129,130,131,133,136,142,143,146,147,156
5LE5_K_5LE5_L_1
20,25,27,28,29,30,31,49,50,51,53,54,55,57,90,93,95,96
90,93,94,97,100,101,125,127,129,130,131,133,136,142,143,146,147,150,156
5LE5_K_5LE5_L_2
20,25,27,28,29,30,31,49,50,51,54,55,57,90,93,95,96,97
90,93,94,97,100,101,125,127,129,130,131,133,136,143,146,147,150,156
5LE5_K_5LE5_L_3
20,25,27,28,29,30,31,49,50,51,53,54,55,57,90,93,95,96
90,93,94,97,100,101,125,127,129,130,131,133,136,142,143,146,147,150,156
5LE5_K_5LE5_L_4
20,25,27,28,29,30,31,49,50,51,53,54,55,57,90,93,95,96
90,93,94,97,100,101,125,127,129,130,131,133,136,142,143,146,147,150,156
5LE5_L_5LE5_a_0
2,4,5,6,8,29,31,34,35,36,37,38,39,40,57,58,60,62,63,66,99,102,104,212
2,90,93,94,97,100,101,103,105,107,124,126,127,128,130,131,132,134,135,137,143,144,147,151,155
5LE5_L_5LE5_a_1
2,4,5,6,8,29,31,34,35,36,37,38,39,40,57,58,60,62,63,66,99,102,104,212
2,3,90,93,94,97,100,101,103,105,107,124,126,127,128,130,131,132,134,135,137,143,144,147,151,155
5LE5_L_5LE5_a_2
2,4,5,6,8,29,31,34,35,36,37,38,39,40,57,58,60,62,63,66,99,102,104,212
2,90,93,94,97,100,101,103,105,107,124,126,127,128,130,131,132,134,135,137,143,144,147,151,155
5LE5_L_5LE5_a_3
2,4,5,6,8,29,31,34,35,36,37,38,39,40,57,58,60,62,63,66,99,102,104,212
2,3,90,93,94,97,100,101,103,105,107,124,126,127,128,130,131,132,134,135,137,143,144,147,151,155
5LE5_L_5LE5_a_4
2,4,5,6,8,29,31,34,35,36,37,38,39,40,57,58,60,62,63,66,99,102,104,212
2,3,90,93,94,97,100,101,103,105,107,124,126,127,128,130,131,132,134,135,137,143,144,147,151,155
5LE5_L_5LE5_b_0
7,28,30,33,34,35,37,38,39,41,140,144,184,185,186,187,188,191,211,212,213
19,21,24,25,26,27,28,29,130,134,164,165,166,167,169,199,201,203,204
5LE5_L_5LE5_b_1
7,28,30,33,34,35,37,38,39,41,140,144,184,185,186,187,188,191,194,211,212,213
19,21,24,25,26,27,28,29,130,134,164,165,166,167,169,173,199,201,203,204
5LE5_L_5LE5_b_2
7,28,30,33,34,35,36,37,38,39,41,140,144,183,184,185,186,187,188,191,211,212,213
19,21,24,25,26,27,28,29,130,134,164,165,166,167,169,199,201,203,204
5LE5_L_5LE5_b_3
7,28,30,33,34,35,37,38,39,41,140,144,184,185,186,187,188,191,211,212,213
19,21,24,25,26,28,29,130,133,134,164,165,166,167,169,170,194,199,201,203,204
5LE5_L_5LE5_b_4
93,96,97,100,101,102,103,107,123,125,126,127,129,130,131,133,136,137,141,142,143,144,145,146,147,150,156
20,22,24,25,26,27,28,29,30,31,45,48,49,50,51,52,53,54,55,57,58,86,90,92,93,94,95,96
5LE5_L_5LE5_I_0
135,136,143,144,146,147,148,150,151,152,156,157,158,177,178,181,184,185
135,136,144,145,147,149,151,152,153,169,172,173,174,176,177,203
5LE5_L_5LE5_I_1
135,136,143,144,146,147,148,150,151,152,156,157,158,177,178,181,184,185
133,135,136,144,145,147,149,151,152,153,169,172,173,174,176,177,203
5LE5_L_5LE5_I_2
135,136,143,144,146,147,148,150,151,152,156,157,158,159,177,178,181,184,185
133,135,136,144,145,147,149,151,152,153,169,172,173,174,176,177,201,203
5LE5_L_5LE5_I_3
135,136,142,143,144,146,147,148,150,151,152,156,157,158,177,178,181,184,185
131,133,135,136,144,145,147,149,151,152,153,169,172,173,174,176,177,203
5LE5_L_5LE5_I_4
1,2,3,4,5,6,31,33,34,36,57,60,98,99,100,101,102,103,104,105,106,188
2,4,7,11,28,39,53,54,56,57,58,59,60,91,95,96,98,99,100,102,103,104,105,106,107,108,124,125,126,127,129,131,139,144,145,147
5LE5_L_5LE5_L_0
1,3,4,5,6,7,30,33,34,35,97,100,102,103,105,107,125,126,127,129,141,142,143,144,147,148,150,151,157,184,185,186,187,188,211,213
1,3,4,5,6,7,30,33,34,35,97,100,102,103,105,107,125,126,127,129,141,142,143,144,147,148,150,151,157,184,185,186,187,188,211,213
5LE5_L_5LE5_L_1
1,2,3,4,5,7,33,93,97,100,101,102,103,105,107,125,126,127,129,130,131,132,133,136,137,140,141,142,143,144,146,147,150,156,186,187,188
1,2,3,4,5,7,33,93,97,100,101,102,103,105,107,123,125,126,127,129,130,131,132,133,136,137,140,141,142,143,144,146,147,150,156,186,187,188
5LE5_L_5LE5_L_2
1,2,3,4,5,6,7,33,93,101,102,103,105,107,125,126,127,129,130,131,137,140,141,142,143,144,145,146,147,185,186,187,188,211,213
1,2,3,4,5,6,7,33,93,101,102,103,105,107,125,126,127,129,130,131,137,140,141,142,143,144,145,146,147,185,186,187,188,211,213
5LE5_L_5LE5_L_3
1,2,3,4,5,7,30,33,34,100,101,102,103,105,107,125,126,127,129,130,131,137,142,143,144,145,146,147,150,185,186,187,188,211,213
1,2,3,4,5,7,30,33,34,100,101,102,103,105,107,125,126,127,129,130,131,137,142,143,144,145,146,147,150,185,186,187,188,211,213
5LE5_L_5LE5_L_4
1,2,3,4,5,6,7,33,57,60,94,97,100,101,102,103,105,107,123,125,126,127,131,133,136,140,141,142,143,144,146,147,148,150,157,185,186,187,188,211
1,2,3,4,5,6,7,33,57,60,94,97,100,101,102,103,105,107,123,125,126,127,131,133,136,140,141,142,143,144,146,147,148,150,157,185,186,187,188,211
